1 0.277612 0.686567 0
0 0.276119 0.686567 1
0 0.276119 0.686567 1
0 0.276119 0.688699 1
0 0.276119 0.688699 1
0 0.276119 0.686567 1
0 0.276119 0.686567 1
0 0.277612 0.686567 1
0 0.277612 0.686567 1
0 0.277612 0.686567 1
0 0.277612 0.686567 1
0 0.277612 0.684435 1
0 0.277612 0.684435 1
0 0.277612 0.684435 1
0 0.277612 0.684435 1
0 0.277612 0.682303 1
0 0.277612 0.682303 1
0 0.279104 0.680171 1
0 0.279104 0.680171 1
0 0.280597 0.680171 1
0 0.280597 0.680171 1
0 0.280597 0.678038 1
0 0.280597 0.678038 1
0 0.280597 0.678038 1
0 0.280597 0.678038 1
0 0.279104 0.678038 1
0 0.279104 0.678038 1
0 0.279104 0.678038 1
0 0.279104 0.678038 1
0 0.277612 0.678038 1
0 0.277612 0.678038 1
0 0.277612 0.678038 1
0 0.277612 0.678038 1
0 0.276119 0.678038 1
0 0.276119 0.678038 1
0 0.274627 0.678038 1
0 0.274627 0.678038 1
0 0.274627 0.675906 1
0 0.274627 0.675906 1
0 0.273134 0.675906 1
0 0.273134 0.675906 1
0 0.271642 0.675906 1
0 0.271642 0.675906 1
0 0.271642 0.673774 1
0 0.271642 0.673774 1
0 0.270149 0.673774 1
0 0.270149 0.673774 1
0 0.268657 0.673774 1
0 0.268657 0.673774 1
0 0.267164 0.673774 1
0 0.267164 0.673774 1
0 0.267164 0.671642 1
0 0.267164 0.671642 1
0 0.265672 0.671642 1
0 0.265672 0.671642 1
0 0.265672 0.669510 1
0 0.265672 0.669510 1
0 0.264179 0.669510 1
0 0.264179 0.669510 1
0 0.262687 0.669510 1
0 0.262687 0.669510 1
0 0.261194 0.669510 1
0 0.261194 0.669510 1
0 0.259701 0.669510 1
0 0.259701 0.669510 1
0 0.258209 0.669510 1
0 0.258209 0.669510 1
0 0.256716 0.669510 1
0 0.256716 0.669510 1
0 0.256716 0.667377 1
0 0.255224 0.667377 1
0 0.253731 0.667377 1
0 0.253731 0.667377 1
0 0.252239 0.665245 1
0 0.252239 0.665245 1
0 0.250746 0.665245 1
0 0.250746 0.665245 1
0 0.249254 0.663113 1
0 0.249254 0.663113 1
0 0.247761 0.663113 1
0 0.247761 0.663113 1
0 0.247761 0.660981 1
0 0.246269 0.660981 1
0 0.244776 0.660981 1
0 0.243284 0.660981 1
0 0.241791 0.660981 1
0 0.241791 0.660981 1
0 0.241791 0.660981 1
0 0.241791 0.660981 1
0 0.241791 0.660981 1
0 0.241791 0.660981 1
0 0.240299 0.660981 1
0 0.240299 0.660981 1
0 0.238806 0.660981 1
0 0.238806 0.660981 1
0 0.238806 0.658849 1
0 0.238806 0.658849 1
0 0.237313 0.658849 1
0 0.237313 0.658849 1
0 0.235821 0.658849 1
0 0.235821 0.658849 1
0 0.235821 0.658849 0
1 0.217910 0.597015 0
0 0.216418 0.597015 1
0 0.214925 0.599147 1
0 0.214925 0.599147 1
0 0.214925 0.597015 1
0 0.214925 0.597015 1
0 0.216418 0.597015 1
0 0.216418 0.597015 1
0 0.216418 0.594883 1
0 0.216418 0.594883 1
0 0.217910 0.594883 1
0 0.217910 0.594883 1
0 0.217910 0.592751 1
0 0.219403 0.592751 1
0 0.219403 0.592751 1
0 0.220896 0.592751 1
0 0.220896 0.592751 1
0 0.222388 0.592751 1
0 0.222388 0.592751 1
0 0.223881 0.592751 1
0 0.223881 0.592751 1
0 0.225373 0.592751 1
0 0.225373 0.592751 1
0 0.226866 0.592751 1
0 0.226866 0.592751 1
0 0.228358 0.592751 1
0 0.228358 0.592751 1
0 0.229851 0.592751 1
0 0.229851 0.592751 1
0 0.231343 0.592751 1
0 0.231343 0.592751 1
0 0.234328 0.592751 1
0 0.234328 0.592751 1
0 0.235821 0.592751 1
0 0.235821 0.592751 1
0 0.238806 0.594883 1
0 0.238806 0.594883 1
0 0.240299 0.597015 1
0 0.241791 0.599147 1
0 0.241791 0.599147 1
0 0.244776 0.599147 1
0 0.244776 0.599147 1
0 0.247761 0.601279 1
0 0.247761 0.601279 1
0 0.250746 0.601279 1
0 0.253731 0.601279 1
0 0.253731 0.601279 1
0 0.253731 0.601279 1
0 0.255224 0.603412 1
0 0.256716 0.603412 1
0 0.256716 0.603412 1
0 0.258209 0.605544 1
0 0.259701 0.605544 1
0 0.259701 0.605544 1
0 0.261194 0.605544 1
0 0.261194 0.605544 1
0 0.262687 0.607676 1
0 0.264179 0.607676 1
0 0.264179 0.607676 1
0 0.265672 0.607676 1
0 0.265672 0.607676 1
0 0.265672 0.609808 1
0 0.265672 0.609808 1
0 0.268657 0.609808 1
0 0.268657 0.609808 1
0 0.271642 0.609808 1
0 0.271642 0.609808 1
0 0.271642 0.611940 1
0 0.274627 0.611940 1
0 0.274627 0.611940 1
0 0.276119 0.614072 1
0 0.277612 0.616205 1
0 0.277612 0.616205 1
0 0.279104 0.616205 1
0 0.280597 0.618337 1
0 0.280597 0.618337 1
0 0.283582 0.618337 1
0 0.283582 0.618337 1
0 0.283582 0.618337 1
0 0.285075 0.618337 1
0 0.285075 0.618337 1
0 0.286567 0.618337 1
0 0.286567 0.618337 1
0 0.288060 0.618337 1
0 0.288060 0.618337 1
0 0.289552 0.620469 1
0 0.289552 0.620469 1
0 0.291045 0.620469 1
0 0.291045 0.620469 1
0 0.292537 0.620469 1
0 0.292537 0.620469 1
0 0.294030 0.620469 1
0 0.294030 0.620469 1
0 0.295522 0.620469 1
0 0.297015 0.622601 1
0 0.297015 0.622601 1
0 0.300000 0.622601 1
0 0.300000 0.622601 1
0 0.301493 0.622601 1
0 0.301493 0.622601 1
0 0.301493 0.622601 1
0 0.301493 0.622601 1
0 0.302985 0.622601 1
0 0.302985 0.622601 1
0 0.304478 0.622601 1
0 0.304478 0.622601 1
0 0.305970 0.622601 1
0 0.305970 0.622601 1
0 0.302985 0.622601 1
0 0.302985 0.622601 1
0 0.302985 0.622601 0
1 0.265672 0.656716 0
0 0.265672 0.656716 1
0 0.262687 0.658849 1
0 0.262687 0.658849 1
0 0.264179 0.658849 1
0 0.264179 0.658849 1
0 0.265672 0.656716 1
0 0.265672 0.656716 1
0 0.265672 0.654584 1
0 0.265672 0.654584 1
0 0.265672 0.652452 1
0 0.265672 0.652452 1
0 0.265672 0.652452 1
0 0.265672 0.652452 1
0 0.265672 0.650320 1
0 0.265672 0.650320 1
0 0.265672 0.648188 1
0 0.265672 0.648188 1
0 0.265672 0.646055 1
0 0.265672 0.643923 1
0 0.265672 0.643923 1
0 0.265672 0.641791 1
0 0.265672 0.641791 1
0 0.265672 0.637527 1
0 0.265672 0.633262 1
0 0.265672 0.633262 1
0 0.265672 0.633262 1
0 0.265672 0.631130 1
0 0.265672 0.631130 1
0 0.265672 0.628998 1
0 0.265672 0.626866 1
0 0.265672 0.626866 1
0 0.265672 0.626866 1
0 0.265672 0.626866 1
0 0.265672 0.626866 1
0 0.265672 0.624733 1
0 0.265672 0.624733 1
0 0.265672 0.620469 1
0 0.265672 0.620469 1
0 0.265672 0.618337 1
0 0.265672 0.618337 1
0 0.265672 0.618337 1
0 0.265672 0.618337 1
0 0.265672 0.614072 1
0 0.265672 0.614072 1
0 0.265672 0.611940 1
0 0.265672 0.611940 1
0 0.265672 0.609808 1
0 0.265672 0.609808 1
0 0.265672 0.607676 1
0 0.265672 0.605544 1
0 0.265672 0.605544 1
0 0.265672 0.603412 1
0 0.265672 0.601279 1
0 0.265672 0.601279 1
0 0.265672 0.601279 1
0 0.265672 0.599147 1
0 0.265672 0.599147 1
0 0.265672 0.597015 1
0 0.265672 0.597015 1
0 0.265672 0.594883 1
0 0.265672 0.594883 1
0 0.265672 0.592751 1
0 0.265672 0.592751 1
0 0.265672 0.592751 1
0 0.265672 0.592751 1
0 0.265672 0.590618 1
0 0.265672 0.590618 1
0 0.265672 0.588486 1
0 0.265672 0.588486 1
0 0.265672 0.586354 1
0 0.265672 0.586354 1
0 0.265672 0.584222 1
0 0.265672 0.584222 1
0 0.265672 0.584222 1
0 0.265672 0.584222 1
0 0.265672 0.584222 1
0 0.265672 0.582090 1
0 0.265672 0.579957 1
0 0.265672 0.579957 1
0 0.265672 0.577825 1
0 0.265672 0.577825 1
0 0.265672 0.577825 1
0 0.265672 0.575693 1
0 0.265672 0.575693 1
0 0.265672 0.575693 1
0 0.265672 0.575693 1
0 0.265672 0.571429 1
0 0.265672 0.571429 1
0 0.265672 0.569296 1
0 0.265672 0.569296 1
0 0.267164 0.567164 1
0 0.267164 0.567164 1
0 0.267164 0.565032 1
0 0.267164 0.562900 1
0 0.267164 0.562900 1
0 0.267164 0.560768 1
0 0.267164 0.558635 1
0 0.267164 0.558635 1
0 0.267164 0.558635 1
0 0.267164 0.558635 1
0 0.267164 0.556503 1
0 0.267164 0.556503 1
0 0.267164 0.554371 1
0 0.267164 0.554371 1
0 0.267164 0.552239 1
0 0.267164 0.552239 1
0 0.267164 0.552239 1
0 0.267164 0.550107 1
0 0.267164 0.550107 1
0 0.267164 0.550107 1
0 0.267164 0.547974 1
0 0.267164 0.545842 1
0 0.267164 0.545842 1
0 0.267164 0.543710 1
0 0.267164 0.543710 1
0 0.267164 0.541578 1
0 0.267164 0.541578 1
0 0.267164 0.539446 1
0 0.267164 0.537313 1
0 0.267164 0.537313 1
0 0.267164 0.535181 1
0 0.267164 0.535181 1
0 0.267164 0.535181 1
0 0.267164 0.533049 1
0 0.267164 0.533049 1
0 0.267164 0.530917 1
0 0.267164 0.528785 1
0 0.267164 0.528785 1
0 0.267164 0.526652 1
0 0.267164 0.526652 1
0 0.267164 0.524520 1
0 0.267164 0.524520 1
0 0.267164 0.522388 1
0 0.267164 0.522388 1
0 0.268657 0.520256 1
0 0.268657 0.520256 1
0 0.268657 0.518124 1
0 0.268657 0.518124 1
0 0.268657 0.515991 1
0 0.268657 0.515991 1
0 0.268657 0.513859 1
0 0.268657 0.513859 1
0 0.270149 0.513859 1
0 0.270149 0.513859 1
0 0.270149 0.509595 1
0 0.270149 0.507463 1
0 0.270149 0.507463 1
0 0.270149 0.505330 1
0 0.270149 0.505330 1
0 0.270149 0.503198 1
0 0.270149 0.503198 1
0 0.270149 0.498934 1
0 0.270149 0.498934 1
0 0.270149 0.498934 1
0 0.270149 0.496802 1
0 0.270149 0.496802 1
0 0.270149 0.494670 1
0 0.270149 0.494670 1
0 0.270149 0.492537 1
0 0.270149 0.490405 1
0 0.270149 0.490405 1
0 0.270149 0.490405 1
0 0.271642 0.488273 1
0 0.271642 0.488273 1
0 0.271642 0.486141 1
0 0.271642 0.486141 1
0 0.271642 0.481876 1
0 0.271642 0.481876 1
0 0.271642 0.481876 1
0 0.271642 0.481876 1
0 0.271642 0.479744 1
0 0.271642 0.477612 1
0 0.271642 0.477612 1
0 0.271642 0.475480 1
0 0.271642 0.475480 1
0 0.271642 0.473348 1
0 0.271642 0.473348 1
0 0.271642 0.473348 1
0 0.271642 0.473348 1
0 0.271642 0.471215 1
0 0.271642 0.469083 1
0 0.271642 0.469083 1
0 0.271642 0.469083 1
0 0.271642 0.466951 1
0 0.271642 0.466951 1
0 0.271642 0.464819 1
0 0.271642 0.464819 1
0 0.271642 0.464819 1
0 0.271642 0.464819 1
0 0.271642 0.462687 1
0 0.271642 0.462687 1
0 0.271642 0.460554 1
0 0.271642 0.460554 1
0 0.271642 0.458422 1
0 0.271642 0.458422 1
0 0.271642 0.456290 1
0 0.271642 0.456290 1
0 0.271642 0.456290 1
0 0.271642 0.456290 1
0 0.271642 0.454158 1
0 0.271642 0.454158 1
0 0.271642 0.452026 1
0 0.271642 0.452026 1
0 0.271642 0.449893 1
0 0.271642 0.449893 1
0 0.271642 0.449893 1
0 0.271642 0.449893 1
0 0.271642 0.447761 1
0 0.271642 0.447761 1
0 0.271642 0.447761 1
0 0.271642 0.447761 1
0 0.271642 0.445629 1
0 0.271642 0.445629 1
0 0.271642 0.443497 1
0 0.271642 0.443497 1
0 0.271642 0.443497 0
1 0.253731 0.577825 0
0 0.253731 0.577825 1
0 0.252239 0.582090 1
0 0.252239 0.582090 1
0 0.252239 0.579957 1
0 0.252239 0.577825 1
0 0.252239 0.577825 1
0 0.252239 0.575693 1
0 0.252239 0.575693 1
0 0.252239 0.575693 1
0 0.250746 0.575693 1
0 0.250746 0.573561 1
0 0.250746 0.573561 1
0 0.249254 0.569296 1
0 0.249254 0.567164 1
0 0.249254 0.567164 1
0 0.249254 0.567164 1
0 0.249254 0.567164 1
0 0.249254 0.565032 1
0 0.247761 0.565032 1
0 0.247761 0.562900 1
0 0.247761 0.562900 1
0 0.247761 0.560768 1
0 0.247761 0.560768 1
0 0.247761 0.558635 1
0 0.247761 0.558635 1
0 0.247761 0.558635 1
0 0.247761 0.556503 1
0 0.247761 0.556503 1
0 0.246269 0.554371 1
0 0.246269 0.552239 1
0 0.246269 0.552239 1
0 0.244776 0.550107 1
0 0.244776 0.550107 1
0 0.244776 0.550107 1
0 0.243284 0.547974 1
0 0.243284 0.547974 1
0 0.243284 0.545842 1
0 0.243284 0.545842 1
0 0.241791 0.543710 1
0 0.241791 0.543710 1
0 0.241791 0.541578 1
0 0.241791 0.541578 1
0 0.240299 0.541578 1
0 0.240299 0.541578 1
0 0.240299 0.539446 1
0 0.240299 0.539446 1
0 0.238806 0.537313 1
0 0.238806 0.537313 1
0 0.235821 0.535181 1
0 0.235821 0.535181 1
0 0.235821 0.533049 1
0 0.235821 0.533049 1
0 0.234328 0.530917 1
0 0.234328 0.530917 1
0 0.232836 0.530917 1
0 0.232836 0.530917 1
0 0.231343 0.526652 1
0 0.231343 0.526652 1
0 0.229851 0.524520 1
0 0.229851 0.524520 1
0 0.229851 0.524520 1
0 0.229851 0.524520 1
0 0.228358 0.524520 1
0 0.228358 0.524520 1
0 0.226866 0.520256 1
0 0.226866 0.520256 1
0 0.225373 0.520256 1
0 0.225373 0.520256 1
0 0.223881 0.518124 1
0 0.223881 0.518124 1
0 0.222388 0.515991 1
0 0.222388 0.515991 1
0 0.220896 0.515991 1
0 0.220896 0.515991 1
0 0.219403 0.513859 1
0 0.219403 0.513859 1
0 0.217910 0.511727 1
0 0.217910 0.511727 1
0 0.217910 0.511727 1
0 0.217910 0.511727 1
0 0.216418 0.509595 1
0 0.216418 0.509595 1
0 0.214925 0.507463 1
0 0.214925 0.507463 1
0 0.213433 0.507463 1
0 0.213433 0.507463 1
0 0.211940 0.505330 1
0 0.211940 0.505330 1
0 0.210448 0.505330 1
0 0.210448 0.505330 1
0 0.208955 0.503198 1
0 0.208955 0.501066 1
0 0.208955 0.501066 1
0 0.207463 0.501066 1
0 0.207463 0.501066 1
0 0.205970 0.498934 1
0 0.205970 0.498934 1
0 0.205970 0.498934 1
0 0.205970 0.498934 1
0 0.204478 0.498934 1
0 0.202985 0.498934 1
0 0.201493 0.498934 1
0 0.200000 0.496802 1
0 0.200000 0.496802 1
0 0.200000 0.494670 1
0 0.200000 0.494670 1
0 0.198507 0.494670 1
0 0.198507 0.494670 1
0 0.197015 0.494670 1
0 0.197015 0.494670 1
0 0.195522 0.494670 1
0 0.195522 0.494670 1
0 0.195522 0.494670 0
1 0.283582 0.575693 0
0 0.283582 0.575693 1
0 0.283582 0.582090 1
0 0.283582 0.582090 1
0 0.283582 0.579957 1
0 0.283582 0.579957 1
0 0.283582 0.579957 1
0 0.283582 0.577825 1
0 0.283582 0.577825 1
0 0.283582 0.575693 1
0 0.283582 0.575693 1
0 0.283582 0.575693 1
0 0.283582 0.575693 1
0 0.285075 0.575693 1
0 0.285075 0.575693 1
0 0.286567 0.575693 1
0 0.286567 0.575693 1
0 0.286567 0.573561 1
0 0.286567 0.573561 1
0 0.288060 0.573561 1
0 0.288060 0.573561 1
0 0.288060 0.571429 1
0 0.288060 0.571429 1
0 0.289552 0.571429 1
0 0.289552 0.571429 1
0 0.289552 0.569296 1
0 0.289552 0.569296 1
0 0.291045 0.569296 1
0 0.291045 0.569296 1
0 0.291045 0.567164 1
0 0.291045 0.567164 1
0 0.292537 0.567164 1
0 0.292537 0.567164 1
0 0.294030 0.567164 1
0 0.294030 0.567164 1
0 0.295522 0.567164 1
0 0.295522 0.567164 1
0 0.295522 0.565032 1
0 0.297015 0.565032 1
0 0.298507 0.565032 1
0 0.300000 0.562900 1
0 0.300000 0.562900 1
0 0.300000 0.560768 1
0 0.300000 0.560768 1
0 0.301493 0.560768 1
0 0.301493 0.560768 1
0 0.301493 0.558635 1
0 0.301493 0.558635 1
0 0.301493 0.558635 1
0 0.301493 0.558635 1
0 0.301493 0.558635 1
0 0.301493 0.556503 1
0 0.301493 0.556503 1
0 0.302985 0.554371 1
0 0.304478 0.552239 1
0 0.304478 0.552239 1
0 0.304478 0.550107 1
0 0.304478 0.550107 1
0 0.305970 0.550107 1
0 0.305970 0.547974 1
0 0.305970 0.547974 1
0 0.305970 0.545842 1
0 0.305970 0.545842 1
0 0.307463 0.545842 1
0 0.307463 0.545842 1
0 0.307463 0.543710 1
0 0.307463 0.541578 1
0 0.307463 0.541578 1
0 0.307463 0.541578 1
0 0.307463 0.541578 1
0 0.307463 0.541578 1
0 0.307463 0.541578 1
0 0.307463 0.539446 1
0 0.308955 0.539446 1
0 0.308955 0.537313 1
0 0.308955 0.537313 1
0 0.310448 0.535181 1
0 0.310448 0.535181 1
0 0.310448 0.535181 0
1 0.319403 0.654584 0
0 0.319403 0.654584 1
0 0.319403 0.656716 1
0 0.319403 0.656716 1
0 0.319403 0.656716 1
0 0.319403 0.656716 1
0 0.320896 0.654584 1
0 0.322388 0.654584 1
0 0.322388 0.654584 1
0 0.322388 0.652452 1
0 0.322388 0.652452 1
0 0.323881 0.652452 1
0 0.323881 0.652452 1
0 0.323881 0.650320 1
0 0.323881 0.650320 1
0 0.325373 0.650320 1
0 0.325373 0.648188 1
0 0.325373 0.648188 1
0 0.325373 0.646055 1
0 0.325373 0.646055 1
0 0.325373 0.643923 1
0 0.325373 0.643923 1
0 0.325373 0.643923 1
0 0.325373 0.643923 1
0 0.326866 0.639659 1
0 0.326866 0.639659 1
0 0.326866 0.637527 1
0 0.326866 0.635394 1
0 0.326866 0.635394 1
0 0.326866 0.631130 1
0 0.326866 0.631130 1
0 0.326866 0.626866 1
0 0.326866 0.626866 1
0 0.326866 0.624733 1
0 0.326866 0.624733 1
0 0.326866 0.620469 1
0 0.326866 0.620469 1
0 0.328358 0.618337 1
0 0.328358 0.618337 1
0 0.328358 0.616205 1
0 0.328358 0.616205 1
0 0.328358 0.614072 1
0 0.328358 0.614072 1
0 0.328358 0.611940 1
0 0.328358 0.609808 1
0 0.328358 0.609808 1
0 0.328358 0.607676 1
0 0.328358 0.607676 1
0 0.328358 0.605544 1
0 0.328358 0.605544 1
0 0.329851 0.603412 1
0 0.329851 0.603412 1
0 0.329851 0.601279 1
0 0.329851 0.601279 1
0 0.329851 0.601279 1
0 0.329851 0.601279 1
0 0.329851 0.599147 1
0 0.329851 0.597015 1
0 0.329851 0.597015 1
0 0.329851 0.597015 0
1 0.326866 0.635394 0
0 0.326866 0.635394 1
0 0.326866 0.635394 1
0 0.326866 0.635394 1
0 0.326866 0.637527 1
0 0.326866 0.637527 1
0 0.328358 0.637527 1
0 0.328358 0.637527 1
0 0.329851 0.637527 1
0 0.329851 0.637527 1
0 0.331343 0.637527 1
0 0.331343 0.637527 1
0 0.331343 0.637527 1
0 0.331343 0.637527 1
0 0.334328 0.637527 1
0 0.334328 0.637527 1
0 0.337313 0.639659 1
0 0.337313 0.639659 1
0 0.337313 0.641791 1
0 0.337313 0.641791 1
0 0.340299 0.643923 1
0 0.340299 0.643923 1
0 0.341791 0.643923 1
0 0.341791 0.643923 1
0 0.341791 0.643923 1
0 0.343284 0.643923 1
0 0.343284 0.643923 1
0 0.343284 0.643923 1
0 0.344776 0.643923 1
0 0.344776 0.643923 1
0 0.346269 0.646055 1
0 0.349254 0.648188 1
0 0.349254 0.648188 1
0 0.352239 0.648188 1
0 0.352239 0.648188 1
0 0.353731 0.650320 1
0 0.353731 0.650320 1
0 0.355224 0.652452 1
0 0.358209 0.652452 1
0 0.359701 0.652452 1
0 0.359701 0.652452 1
0 0.361194 0.652452 1
0 0.361194 0.652452 1
0 0.361194 0.654584 1
0 0.361194 0.654584 1
0 0.362687 0.654584 1
0 0.362687 0.654584 1
0 0.364179 0.656716 1
0 0.364179 0.656716 1
0 0.365672 0.656716 1
0 0.365672 0.656716 1
0 0.367164 0.656716 1
0 0.367164 0.656716 1
0 0.367164 0.658849 1
0 0.367164 0.658849 1
0 0.367164 0.658849 1
0 0.367164 0.658849 1
0 0.367164 0.656716 1
0 0.367164 0.656716 1
0 0.367164 0.654584 1
0 0.367164 0.654584 1
0 0.367164 0.652452 1
0 0.367164 0.652452 1
0 0.367164 0.652452 1
0 0.367164 0.652452 1
0 0.367164 0.650320 1
0 0.367164 0.650320 1
0 0.367164 0.650320 1
0 0.367164 0.650320 1
0 0.365672 0.646055 1
0 0.365672 0.646055 1
0 0.364179 0.643923 1
0 0.364179 0.643923 1
0 0.362687 0.641791 1
0 0.362687 0.641791 1
0 0.361194 0.637527 1
0 0.361194 0.637527 1
0 0.361194 0.635394 1
0 0.361194 0.635394 1
0 0.361194 0.635394 1
0 0.361194 0.635394 1
0 0.361194 0.633262 1
0 0.361194 0.633262 1
0 0.359701 0.631130 1
0 0.359701 0.631130 1
0 0.359701 0.628998 1
0 0.359701 0.628998 1
0 0.358209 0.626866 1
0 0.358209 0.624733 1
0 0.358209 0.624733 1
0 0.358209 0.622601 1
0 0.358209 0.622601 1
0 0.356716 0.620469 1
0 0.356716 0.618337 1
0 0.356716 0.618337 1
0 0.355224 0.618337 1
0 0.355224 0.618337 1
0 0.355224 0.614072 1
0 0.355224 0.614072 1
0 0.355224 0.611940 1
0 0.355224 0.611940 1
0 0.353731 0.611940 1
0 0.353731 0.611940 1
0 0.353731 0.609808 1
0 0.352239 0.609808 1
0 0.350746 0.609808 1
0 0.350746 0.609808 1
0 0.350746 0.609808 1
0 0.349254 0.609808 1
0 0.349254 0.609808 1
0 0.349254 0.609808 1
0 0.349254 0.609808 1
0 0.347761 0.607676 1
0 0.347761 0.607676 1
0 0.346269 0.607676 1
0 0.344776 0.607676 1
0 0.343284 0.607676 1
0 0.343284 0.607676 1
0 0.343284 0.607676 1
0 0.341791 0.607676 1
0 0.341791 0.607676 1
0 0.340299 0.607676 1
0 0.340299 0.607676 1
0 0.338806 0.607676 1
0 0.338806 0.607676 1
0 0.337313 0.607676 1
0 0.337313 0.607676 1
0 0.337313 0.605544 1
0 0.337313 0.605544 1
0 0.335821 0.605544 1
0 0.335821 0.605544 1
0 0.337313 0.605544 1
0 0.337313 0.605544 1
0 0.338806 0.605544 1
0 0.338806 0.605544 1
0 0.341791 0.607676 1
0 0.341791 0.607676 1
0 0.343284 0.607676 1
0 0.346269 0.607676 1
0 0.346269 0.607676 1
0 0.349254 0.609808 1
0 0.349254 0.609808 1
0 0.349254 0.609808 1
0 0.350746 0.609808 1
0 0.352239 0.609808 1
0 0.355224 0.609808 1
0 0.355224 0.609808 1
0 0.356716 0.611940 1
0 0.358209 0.611940 1
0 0.358209 0.611940 1
0 0.359701 0.611940 1
0 0.359701 0.611940 1
0 0.361194 0.611940 1
0 0.361194 0.611940 1
0 0.361194 0.611940 1
0 0.361194 0.611940 1
0 0.362687 0.611940 1
0 0.362687 0.611940 1
0 0.362687 0.609808 1
0 0.362687 0.609808 1
0 0.364179 0.609808 1
0 0.364179 0.609808 1
0 0.365672 0.609808 1
0 0.365672 0.609808 1
0 0.365672 0.609808 1
0 0.367164 0.609808 1
0 0.367164 0.609808 1
0 0.367164 0.607676 1
0 0.367164 0.607676 1
0 0.367164 0.607676 1
0 0.367164 0.607676 1
0 0.367164 0.607676 0
1 0.328358 0.567164 0
0 0.328358 0.569296 1
0 0.328358 0.569296 1
0 0.326866 0.571429 1
0 0.326866 0.571429 1
0 0.326866 0.569296 1
0 0.326866 0.569296 1
0 0.328358 0.569296 1
0 0.328358 0.569296 1
0 0.329851 0.569296 1
0 0.329851 0.569296 1
0 0.331343 0.569296 1
0 0.331343 0.569296 1
0 0.331343 0.569296 1
0 0.331343 0.569296 1
0 0.332836 0.569296 1
0 0.332836 0.569296 1
0 0.335821 0.569296 1
0 0.337313 0.569296 1
0 0.337313 0.569296 1
0 0.338806 0.571429 1
0 0.338806 0.571429 1
0 0.341791 0.573561 1
0 0.341791 0.573561 1
0 0.343284 0.573561 1
0 0.344776 0.575693 1
0 0.346269 0.575693 1
0 0.346269 0.575693 1
0 0.349254 0.575693 1
0 0.349254 0.575693 1
0 0.349254 0.575693 1
0 0.349254 0.575693 1
0 0.352239 0.577825 1
0 0.352239 0.577825 1
0 0.353731 0.577825 1
0 0.353731 0.577825 1
0 0.355224 0.579957 1
0 0.356716 0.579957 1
0 0.358209 0.579957 1
0 0.359701 0.579957 1
0 0.359701 0.579957 1
0 0.361194 0.582090 1
0 0.361194 0.582090 1
0 0.361194 0.582090 1
0 0.361194 0.582090 1
0 0.362687 0.582090 1
0 0.362687 0.582090 1
0 0.364179 0.582090 1
0 0.364179 0.582090 1
0 0.365672 0.582090 1
0 0.365672 0.582090 1
0 0.367164 0.582090 1
0 0.367164 0.582090 1
0 0.367164 0.582090 1
0 0.367164 0.582090 1
0 0.368657 0.582090 1
0 0.368657 0.582090 1
0 0.370149 0.582090 1
0 0.370149 0.582090 1
0 0.370149 0.579957 1
0 0.370149 0.579957 1
0 0.371642 0.579957 1
0 0.371642 0.579957 1
0 0.370149 0.579957 1
0 0.370149 0.579957 1
0 0.370149 0.579957 0
1 0.340299 0.526652 0
0 0.340299 0.526652 1
0 0.338806 0.530917 1
0 0.338806 0.530917 1
0 0.340299 0.530917 1
0 0.340299 0.530917 1
0 0.341791 0.530917 1
0 0.343284 0.530917 1
0 0.343284 0.530917 1
0 0.343284 0.530917 1
0 0.343284 0.530917 1
0 0.344776 0.533049 1
0 0.344776 0.533049 1
0 0.346269 0.533049 1
0 0.346269 0.533049 1
0 0.347761 0.533049 1
0 0.347761 0.533049 1
0 0.349254 0.533049 1
0 0.349254 0.533049 1
0 0.349254 0.533049 1
0 0.349254 0.533049 1
0 0.349254 0.533049 1
0 0.352239 0.533049 1
0 0.355224 0.535181 1
0 0.355224 0.535181 1
0 0.355224 0.535181 1
0 0.355224 0.535181 1
0 0.356716 0.537313 1
0 0.358209 0.537313 1
0 0.358209 0.537313 1
0 0.358209 0.537313 1
0 0.359701 0.539446 1
0 0.359701 0.539446 1
0 0.361194 0.539446 1
0 0.361194 0.539446 1
0 0.361194 0.539446 1
0 0.361194 0.539446 1
0 0.362687 0.539446 1
0 0.362687 0.541578 1
0 0.362687 0.541578 1
0 0.364179 0.541578 1
0 0.364179 0.541578 1
0 0.365672 0.541578 1
0 0.365672 0.541578 1
0 0.367164 0.541578 1
0 0.367164 0.541578 1
0 0.367164 0.541578 1
0 0.367164 0.541578 1
0 0.368657 0.541578 1
0 0.368657 0.541578 1
0 0.367164 0.541578 1
0 0.367164 0.541578 1
0 0.367164 0.541578 0
1 0.350746 0.556503 0
0 0.350746 0.556503 1
0 0.349254 0.558635 1
0 0.349254 0.558635 1
0 0.349254 0.556503 1
0 0.349254 0.556503 1
0 0.349254 0.554371 1
0 0.350746 0.554371 1
0 0.350746 0.550107 1
0 0.350746 0.550107 1
0 0.352239 0.550107 1
0 0.352239 0.547974 1
0 0.352239 0.547974 1
0 0.352239 0.545842 1
0 0.352239 0.545842 1
0 0.352239 0.543710 1
0 0.352239 0.541578 1
0 0.352239 0.541578 1
0 0.352239 0.541578 1
0 0.352239 0.541578 1
0 0.352239 0.539446 1
0 0.352239 0.537313 1
0 0.352239 0.537313 1
0 0.352239 0.535181 1
0 0.352239 0.535181 1
0 0.352239 0.533049 1
0 0.352239 0.533049 1
0 0.352239 0.530917 1
0 0.352239 0.530917 1
0 0.352239 0.528785 1
0 0.352239 0.526652 1
0 0.352239 0.526652 1
0 0.352239 0.524520 1
0 0.352239 0.524520 1
0 0.352239 0.524520 1
0 0.352239 0.522388 1
0 0.352239 0.522388 1
0 0.352239 0.520256 1
0 0.352239 0.518124 1
0 0.352239 0.518124 1
0 0.352239 0.515991 1
0 0.352239 0.515991 1
0 0.352239 0.515991 1
0 0.352239 0.515991 1
0 0.352239 0.513859 1
0 0.352239 0.511727 1
0 0.352239 0.511727 1
0 0.352239 0.507463 1
0 0.352239 0.507463 1
0 0.352239 0.507463 1
0 0.352239 0.505330 1
0 0.352239 0.505330 1
0 0.352239 0.503198 1
0 0.352239 0.501066 1
0 0.352239 0.501066 1
0 0.352239 0.498934 1
0 0.352239 0.496802 1
0 0.352239 0.496802 1
0 0.352239 0.494670 1
0 0.352239 0.494670 1
0 0.352239 0.492537 1
0 0.352239 0.490405 1
0 0.352239 0.490405 1
0 0.352239 0.490405 1
0 0.352239 0.490405 1
0 0.352239 0.488273 1
0 0.352239 0.486141 1
0 0.352239 0.486141 1
0 0.352239 0.484009 1
0 0.352239 0.484009 1
0 0.352239 0.481876 1
0 0.352239 0.481876 1
0 0.352239 0.481876 1
0 0.352239 0.479744 1
0 0.352239 0.479744 1
0 0.352239 0.479744 0
1 0.310448 0.475480 0
0 0.308955 0.475480 1
0 0.308955 0.475480 1
0 0.307463 0.477612 1
0 0.307463 0.477612 1
0 0.307463 0.475480 1
0 0.307463 0.475480 1
0 0.308955 0.475480 1
0 0.308955 0.475480 1
0 0.310448 0.475480 1
0 0.310448 0.475480 1
0 0.311940 0.475480 1
0 0.311940 0.475480 1
0 0.313433 0.475480 1
0 0.313433 0.475480 1
0 0.313433 0.475480 1
0 0.313433 0.475480 1
0 0.314925 0.475480 1
0 0.314925 0.475480 1
0 0.316418 0.475480 1
0 0.316418 0.475480 1
0 0.319403 0.475480 1
0 0.319403 0.475480 1
0 0.319403 0.475480 1
0 0.319403 0.475480 1
0 0.320896 0.475480 1
0 0.320896 0.475480 1
0 0.322388 0.475480 1
0 0.322388 0.475480 1
0 0.325373 0.475480 1
0 0.325373 0.475480 1
0 0.325373 0.475480 1
0 0.325373 0.475480 1
0 0.328358 0.477612 1
0 0.328358 0.477612 1
0 0.331343 0.477612 1
0 0.331343 0.477612 1
0 0.331343 0.479744 1
0 0.331343 0.479744 1
0 0.334328 0.479744 1
0 0.334328 0.479744 1
0 0.337313 0.481876 1
0 0.337313 0.481876 1
0 0.338806 0.481876 1
0 0.340299 0.481876 1
0 0.340299 0.481876 1
0 0.341791 0.481876 1
0 0.341791 0.481876 1
0 0.343284 0.481876 1
0 0.343284 0.481876 1
0 0.344776 0.481876 1
0 0.346269 0.481876 1
0 0.349254 0.484009 1
0 0.349254 0.484009 1
0 0.350746 0.486141 1
0 0.350746 0.486141 1
0 0.352239 0.486141 1
0 0.352239 0.486141 1
0 0.353731 0.486141 1
0 0.353731 0.486141 1
0 0.355224 0.488273 1
0 0.356716 0.488273 1
0 0.358209 0.490405 1
0 0.358209 0.490405 1
0 0.359701 0.490405 1
0 0.359701 0.490405 1
0 0.361194 0.490405 1
0 0.361194 0.490405 1
0 0.361194 0.490405 1
0 0.361194 0.490405 1
0 0.362687 0.490405 1
0 0.362687 0.490405 1
0 0.364179 0.490405 1
0 0.364179 0.490405 1
0 0.365672 0.492537 1
0 0.365672 0.492537 1
0 0.367164 0.492537 1
0 0.367164 0.492537 1
0 0.367164 0.492537 1
0 0.367164 0.492537 1
0 0.368657 0.492537 1
0 0.368657 0.492537 1
0 0.370149 0.492537 1
0 0.370149 0.492537 1
0 0.371642 0.492537 1
0 0.373134 0.494670 1
0 0.373134 0.494670 1
0 0.374627 0.494670 1
0 0.374627 0.494670 1
0 0.376119 0.494670 1
0 0.376119 0.494670 1
0 0.379104 0.494670 1
0 0.379104 0.494670 1
0 0.379104 0.494670 1
0 0.380597 0.496802 1
0 0.380597 0.496802 1
0 0.383582 0.496802 1
0 0.383582 0.496802 1
0 0.385075 0.496802 1
0 0.385075 0.496802 1
0 0.385075 0.496802 1
0 0.385075 0.496802 1
0 0.388060 0.496802 1
0 0.388060 0.496802 1
0 0.389552 0.494670 1
0 0.389552 0.494670 1
0 0.391045 0.494670 1
0 0.391045 0.494670 1
0 0.391045 0.494670 1
0 0.392537 0.494670 1
0 0.392537 0.494670 1
0 0.392537 0.492537 1
0 0.394030 0.492537 1
0 0.394030 0.492537 1
0 0.395522 0.492537 1
0 0.395522 0.492537 1
0 0.397015 0.492537 1
0 0.397015 0.490405 1
0 0.397015 0.490405 1
0 0.397015 0.490405 1
0 0.397015 0.490405 1
0 0.397015 0.490405 1
0 0.397015 0.490405 1
0 0.398507 0.490405 1
0 0.398507 0.490405 1
0 0.400000 0.490405 1
0 0.400000 0.490405 1
0 0.401493 0.490405 1
0 0.401493 0.490405 1
0 0.402985 0.488273 1
0 0.402985 0.486141 1
0 0.402985 0.486141 1
0 0.402985 0.486141 1
0 0.402985 0.486141 1
0 0.404478 0.486141 1
0 0.404478 0.486141 1
0 0.402985 0.486141 1
0 0.402985 0.486141 1
0 0.402985 0.486141 1
0 0.402985 0.486141 0
1 0.447761 0.656716 0
0 0.447761 0.656716 1
0 0.444776 0.658849 1
0 0.444776 0.658849 1
0 0.444776 0.656716 1
0 0.444776 0.656716 1
0 0.446269 0.654584 1
0 0.446269 0.654584 1
0 0.446269 0.652452 1
0 0.446269 0.652452 1
0 0.446269 0.652452 1
0 0.446269 0.652452 1
0 0.447761 0.652452 1
0 0.449254 0.652452 1
0 0.449254 0.650320 1
0 0.449254 0.650320 1
0 0.450746 0.650320 1
0 0.450746 0.650320 1
0 0.450746 0.650320 1
0 0.450746 0.650320 1
0 0.452239 0.650320 1
0 0.452239 0.650320 1
0 0.453731 0.650320 1
0 0.453731 0.650320 1
0 0.455224 0.650320 1
0 0.455224 0.650320 1
0 0.456716 0.650320 1
0 0.456716 0.650320 1
0 0.458209 0.650320 1
0 0.458209 0.650320 1
0 0.459701 0.652452 1
0 0.459701 0.652452 1
0 0.462687 0.654584 1
0 0.462687 0.654584 1
0 0.467164 0.656716 1
0 0.468657 0.656716 1
0 0.468657 0.656716 1
0 0.470149 0.658849 1
0 0.470149 0.658849 1
0 0.471642 0.660981 1
0 0.471642 0.660981 1
0 0.473134 0.660981 1
0 0.473134 0.660981 1
0 0.474627 0.660981 1
0 0.474627 0.660981 1
0 0.476119 0.663113 1
0 0.476119 0.663113 1
0 0.477612 0.663113 1
0 0.477612 0.663113 1
0 0.480597 0.665245 1
0 0.480597 0.665245 1
0 0.482090 0.667377 1
0 0.483582 0.667377 1
0 0.483582 0.667377 1
0 0.486567 0.669510 1
0 0.486567 0.669510 1
0 0.488060 0.669510 1
0 0.488060 0.669510 1
0 0.489552 0.669510 1
0 0.489552 0.669510 1
0 0.491045 0.669510 1
0 0.491045 0.669510 1
0 0.492537 0.669510 1
0 0.492537 0.669510 1
0 0.492537 0.669510 1
0 0.492537 0.669510 1
0 0.494030 0.671642 1
0 0.497015 0.671642 1
0 0.497015 0.671642 1
0 0.497015 0.673774 1
0 0.497015 0.673774 1
0 0.498507 0.673774 1
0 0.498507 0.673774 1
0 0.498507 0.673774 1
0 0.500000 0.673774 1
0 0.500000 0.673774 1
0 0.501493 0.673774 1
0 0.501493 0.673774 1
0 0.502985 0.673774 1
0 0.502985 0.675906 1
0 0.502985 0.675906 1
0 0.504478 0.675906 1
0 0.504478 0.675906 1
0 0.504478 0.675906 1
0 0.505970 0.675906 1
0 0.505970 0.675906 1
0 0.507463 0.675906 1
0 0.507463 0.675906 1
0 0.508955 0.675906 1
0 0.508955 0.675906 1
0 0.510448 0.675906 1
0 0.510448 0.675906 1
0 0.510448 0.675906 1
0 0.510448 0.675906 1
0 0.510448 0.675906 1
0 0.510448 0.675906 0
1 0.491045 0.650320 0
0 0.491045 0.650320 1
0 0.489552 0.654584 1
0 0.489552 0.654584 1
0 0.489552 0.652452 1
0 0.489552 0.652452 1
0 0.489552 0.652452 1
0 0.489552 0.652452 1
0 0.489552 0.650320 1
0 0.489552 0.650320 1
0 0.489552 0.648188 1
0 0.489552 0.648188 1
0 0.491045 0.648188 1
0 0.491045 0.648188 1
0 0.491045 0.646055 1
0 0.491045 0.646055 1
0 0.491045 0.643923 1
0 0.491045 0.643923 1
0 0.491045 0.643923 1
0 0.491045 0.643923 1
0 0.491045 0.641791 1
0 0.491045 0.641791 1
0 0.491045 0.639659 1
0 0.491045 0.639659 1
0 0.491045 0.637527 1
0 0.491045 0.637527 1
0 0.491045 0.635394 1
0 0.491045 0.635394 1
0 0.491045 0.633262 1
0 0.491045 0.633262 1
0 0.491045 0.631130 1
0 0.491045 0.631130 1
0 0.491045 0.628998 1
0 0.491045 0.628998 1
0 0.491045 0.626866 1
0 0.491045 0.626866 1
0 0.491045 0.626866 1
0 0.492537 0.624733 1
0 0.492537 0.620469 1
0 0.492537 0.620469 1
0 0.492537 0.618337 1
0 0.492537 0.618337 1
0 0.492537 0.618337 1
0 0.492537 0.618337 1
0 0.492537 0.614072 1
0 0.492537 0.611940 1
0 0.492537 0.611940 1
0 0.492537 0.609808 1
0 0.492537 0.609808 1
0 0.492537 0.607676 1
0 0.492537 0.607676 1
0 0.492537 0.605544 1
0 0.492537 0.605544 1
0 0.492537 0.601279 1
0 0.492537 0.601279 1
0 0.492537 0.601279 1
0 0.492537 0.601279 1
0 0.492537 0.599147 1
0 0.492537 0.599147 1
0 0.494030 0.597015 1
0 0.494030 0.594883 1
0 0.494030 0.594883 1
0 0.494030 0.592751 1
0 0.494030 0.592751 1
0 0.494030 0.592751 1
0 0.494030 0.592751 1
0 0.494030 0.590618 1
0 0.494030 0.590618 1
0 0.494030 0.588486 1
0 0.494030 0.588486 1
0 0.494030 0.586354 1
0 0.494030 0.586354 1
0 0.494030 0.584222 1
0 0.494030 0.584222 1
0 0.494030 0.584222 1
0 0.494030 0.584222 1
0 0.494030 0.582090 1
0 0.494030 0.582090 1
0 0.495522 0.579957 1
0 0.495522 0.579957 1
0 0.495522 0.575693 1
0 0.495522 0.575693 1
0 0.495522 0.575693 1
0 0.497015 0.573561 1
0 0.497015 0.573561 1
0 0.497015 0.571429 1
0 0.497015 0.571429 1
0 0.497015 0.569296 1
0 0.497015 0.569296 1
0 0.497015 0.567164 1
0 0.497015 0.567164 1
0 0.497015 0.567164 1
0 0.497015 0.567164 1
0 0.497015 0.562900 1
0 0.497015 0.560768 1
0 0.497015 0.560768 1
0 0.497015 0.558635 1
0 0.497015 0.558635 1
0 0.497015 0.558635 1
0 0.497015 0.558635 1
0 0.497015 0.554371 1
0 0.497015 0.552239 1
0 0.497015 0.552239 1
0 0.497015 0.550107 1
0 0.497015 0.550107 1
0 0.497015 0.547974 1
0 0.497015 0.547974 1
0 0.497015 0.545842 1
0 0.497015 0.545842 1
0 0.497015 0.543710 1
0 0.497015 0.541578 1
0 0.497015 0.541578 1
0 0.497015 0.539446 1
0 0.497015 0.539446 1
0 0.497015 0.537313 1
0 0.497015 0.535181 1
0 0.497015 0.535181 1
0 0.497015 0.533049 1
0 0.497015 0.533049 1
0 0.495522 0.533049 1
0 0.495522 0.533049 1
0 0.495522 0.530917 1
0 0.495522 0.530917 1
0 0.494030 0.528785 1
0 0.494030 0.528785 1
0 0.494030 0.526652 1
0 0.494030 0.526652 1
0 0.494030 0.524520 1
0 0.494030 0.524520 1
0 0.494030 0.524520 1
0 0.494030 0.524520 1
0 0.492537 0.524520 1
0 0.492537 0.524520 1
0 0.492537 0.524520 0
1 0.465672 0.599147 0
0 0.465672 0.599147 1
0 0.462687 0.599147 1
0 0.462687 0.599147 1
0 0.462687 0.601279 1
0 0.462687 0.601279 1
0 0.464179 0.599147 1
0 0.464179 0.599147 1
0 0.464179 0.597015 1
0 0.465672 0.594883 1
0 0.465672 0.594883 1
0 0.465672 0.592751 1
0 0.465672 0.592751 1
0 0.467164 0.592751 1
0 0.467164 0.592751 1
0 0.467164 0.592751 1
0 0.467164 0.592751 1
0 0.467164 0.590618 1
0 0.467164 0.590618 1
0 0.467164 0.588486 1
0 0.467164 0.588486 1
0 0.467164 0.586354 1
0 0.467164 0.584222 1
0 0.467164 0.584222 1
0 0.467164 0.584222 1
0 0.467164 0.584222 1
0 0.467164 0.582090 1
0 0.467164 0.582090 1
0 0.467164 0.579957 1
0 0.467164 0.577825 1
0 0.467164 0.577825 1
0 0.467164 0.575693 1
0 0.467164 0.575693 1
0 0.467164 0.575693 1
0 0.467164 0.573561 1
0 0.467164 0.573561 1
0 0.467164 0.571429 1
0 0.467164 0.571429 1
0 0.467164 0.569296 1
0 0.467164 0.567164 1
0 0.467164 0.567164 1
0 0.467164 0.565032 1
0 0.467164 0.562900 1
0 0.467164 0.562900 1
0 0.467164 0.560768 1
0 0.467164 0.558635 1
0 0.467164 0.558635 1
0 0.467164 0.556503 1
0 0.468657 0.554371 1
0 0.468657 0.554371 1
0 0.468657 0.552239 1
0 0.468657 0.550107 1
0 0.468657 0.550107 1
0 0.468657 0.547974 1
0 0.468657 0.547974 1
0 0.468657 0.545842 1
0 0.468657 0.545842 1
0 0.468657 0.543710 1
0 0.468657 0.543710 1
0 0.468657 0.541578 1
0 0.468657 0.539446 1
0 0.468657 0.539446 1
0 0.468657 0.537313 1
0 0.468657 0.537313 1
0 0.468657 0.535181 1
0 0.468657 0.535181 1
0 0.468657 0.533049 1
0 0.468657 0.533049 1
0 0.468657 0.530917 1
0 0.468657 0.530917 1
0 0.470149 0.530917 1
0 0.470149 0.530917 1
0 0.470149 0.528785 1
0 0.470149 0.528785 1
0 0.470149 0.526652 1
0 0.470149 0.526652 1
0 0.470149 0.524520 1
0 0.470149 0.524520 1
0 0.470149 0.524520 1
0 0.470149 0.524520 1
0 0.470149 0.522388 1
0 0.470149 0.522388 1
0 0.470149 0.522388 0
1 0.497015 0.588486 0
0 0.497015 0.588486 1
0 0.495522 0.592751 1
0 0.495522 0.592751 1
0 0.495522 0.590618 1
0 0.495522 0.590618 1
0 0.497015 0.590618 1
0 0.497015 0.590618 1
0 0.498507 0.590618 1
0 0.498507 0.590618 1
0 0.500000 0.590618 1
0 0.502985 0.590618 1
0 0.504478 0.590618 1
0 0.505970 0.592751 1
0 0.505970 0.592751 1
0 0.507463 0.592751 1
0 0.507463 0.592751 1
0 0.510448 0.592751 1
0 0.510448 0.592751 1
0 0.510448 0.592751 1
0 0.510448 0.592751 1
0 0.511940 0.592751 1
0 0.511940 0.592751 1
0 0.513433 0.594883 1
0 0.513433 0.594883 1
0 0.514925 0.597015 1
0 0.514925 0.597015 1
0 0.516418 0.597015 1
0 0.516418 0.597015 1
0 0.516418 0.599147 1
0 0.516418 0.599147 1
0 0.517910 0.599147 1
0 0.517910 0.599147 1
0 0.519403 0.599147 1
0 0.519403 0.599147 1
0 0.520896 0.601279 1
0 0.520896 0.601279 1
0 0.522388 0.601279 1
0 0.522388 0.601279 1
0 0.522388 0.601279 1
0 0.522388 0.601279 1
0 0.523881 0.601279 1
0 0.523881 0.601279 1
0 0.523881 0.601279 0
1 0.450746 0.505330 0
0 0.450746 0.505330 1
0 0.450746 0.507463 1
0 0.450746 0.507463 1
0 0.450746 0.507463 1
0 0.450746 0.507463 1
0 0.452239 0.505330 1
0 0.452239 0.505330 1
0 0.453731 0.505330 1
0 0.453731 0.505330 1
0 0.455224 0.505330 1
0 0.456716 0.505330 1
0 0.456716 0.505330 1
0 0.459701 0.505330 1
0 0.459701 0.505330 1
0 0.462687 0.507463 1
0 0.462687 0.507463 1
0 0.464179 0.507463 1
0 0.467164 0.507463 1
0 0.467164 0.507463 1
0 0.467164 0.507463 1
0 0.468657 0.507463 1
0 0.470149 0.509595 1
0 0.470149 0.509595 1
0 0.470149 0.509595 1
0 0.471642 0.511727 1
0 0.473134 0.513859 1
0 0.473134 0.513859 1
0 0.474627 0.513859 1
0 0.474627 0.513859 1
0 0.477612 0.515991 1
0 0.477612 0.515991 1
0 0.480597 0.515991 1
0 0.480597 0.515991 1
0 0.482090 0.518124 1
0 0.482090 0.518124 1
0 0.485075 0.518124 1
0 0.485075 0.518124 1
0 0.486567 0.520256 1
0 0.486567 0.520256 1
0 0.488060 0.520256 1
0 0.489552 0.522388 1
0 0.489552 0.522388 1
0 0.491045 0.524520 1
0 0.492537 0.524520 1
0 0.492537 0.524520 1
0 0.492537 0.524520 1
0 0.492537 0.524520 1
0 0.495522 0.524520 1
0 0.495522 0.524520 1
0 0.497015 0.526652 1
0 0.497015 0.526652 1
0 0.498507 0.528785 1
0 0.498507 0.530917 1
0 0.501493 0.533049 1
0 0.501493 0.533049 1
0 0.504478 0.533049 1
0 0.504478 0.533049 1
0 0.505970 0.533049 1
0 0.507463 0.535181 1
0 0.510448 0.537313 1
0 0.510448 0.537313 1
0 0.510448 0.537313 1
0 0.511940 0.539446 1
0 0.511940 0.539446 1
0 0.511940 0.539446 1
0 0.514925 0.539446 1
0 0.514925 0.539446 1
0 0.516418 0.541578 1
0 0.516418 0.541578 1
0 0.516418 0.541578 1
0 0.517910 0.541578 1
0 0.519403 0.541578 1
0 0.519403 0.541578 1
0 0.520896 0.543710 1
0 0.520896 0.543710 1
0 0.522388 0.543710 1
0 0.522388 0.543710 1
0 0.523881 0.543710 1
0 0.523881 0.543710 1
0 0.525373 0.543710 1
0 0.525373 0.543710 1
0 0.526866 0.543710 1
0 0.526866 0.543710 1
0 0.528358 0.543710 1
0 0.528358 0.543710 1
0 0.528358 0.543710 0
1 0.546269 0.673774 0
0 0.546269 0.680171 1
0 0.546269 0.680171 1
0 0.546269 0.678038 1
0 0.546269 0.678038 1
0 0.546269 0.678038 1
0 0.546269 0.675906 1
0 0.546269 0.675906 1
0 0.546269 0.673774 1
0 0.546269 0.673774 1
0 0.546269 0.671642 1
0 0.546269 0.671642 1
0 0.546269 0.669510 1
0 0.546269 0.669510 1
0 0.546269 0.669510 1
0 0.546269 0.669510 1
0 0.546269 0.667377 1
0 0.546269 0.667377 1
0 0.546269 0.663113 1
0 0.546269 0.663113 1
0 0.543284 0.660981 1
0 0.543284 0.660981 1
0 0.543284 0.658849 1
0 0.543284 0.658849 1
0 0.541791 0.654584 1
0 0.541791 0.654584 1
0 0.540299 0.650320 1
0 0.540299 0.650320 1
0 0.538806 0.648188 1
0 0.538806 0.648188 1
0 0.538806 0.643923 1
0 0.537313 0.643923 1
0 0.537313 0.643923 1
0 0.535821 0.641791 1
0 0.535821 0.641791 1
0 0.534328 0.637527 1
0 0.534328 0.637527 1
0 0.534328 0.635394 1
0 0.534328 0.635394 1
0 0.532836 0.631130 1
0 0.532836 0.631130 1
0 0.531343 0.628998 1
0 0.529851 0.626866 1
0 0.529851 0.626866 1
0 0.529851 0.624733 1
0 0.529851 0.624733 1
0 0.529851 0.622601 1
0 0.529851 0.622601 1
0 0.528358 0.620469 1
0 0.528358 0.620469 1
0 0.528358 0.618337 1
0 0.528358 0.618337 1
0 0.528358 0.618337 1
0 0.528358 0.618337 1
0 0.528358 0.618337 1
0 0.528358 0.616205 1
0 0.528358 0.616205 1
0 0.528358 0.614072 1
0 0.528358 0.614072 1
0 0.528358 0.614072 1
0 0.529851 0.616205 1
0 0.529851 0.616205 1
0 0.534328 0.618337 1
0 0.535821 0.620469 1
0 0.537313 0.620469 1
0 0.537313 0.620469 1
0 0.540299 0.624733 1
0 0.540299 0.624733 1
0 0.544776 0.626866 1
0 0.544776 0.626866 1
0 0.546269 0.628998 1
0 0.546269 0.628998 1
0 0.547761 0.628998 1
0 0.547761 0.628998 1
0 0.553731 0.633262 1
0 0.553731 0.633262 1
0 0.556716 0.635394 1
0 0.558209 0.637527 1
0 0.558209 0.637527 1
0 0.561194 0.641791 1
0 0.564179 0.643923 1
0 0.564179 0.643923 1
0 0.564179 0.643923 1
0 0.567164 0.643923 1
0 0.567164 0.643923 1
0 0.570149 0.648188 1
0 0.571642 0.648188 1
0 0.571642 0.648188 1
0 0.573134 0.650320 1
0 0.574627 0.652452 1
0 0.574627 0.652452 1
0 0.574627 0.652452 1
0 0.576119 0.652452 1
0 0.576119 0.652452 1
0 0.576119 0.652452 1
0 0.576119 0.652452 1
0 0.576119 0.652452 1
0 0.576119 0.652452 1
0 0.577612 0.652452 1
0 0.577612 0.652452 1
0 0.577612 0.650320 1
0 0.577612 0.650320 1
0 0.577612 0.648188 1
0 0.577612 0.648188 1
0 0.577612 0.646055 1
0 0.577612 0.646055 1
0 0.576119 0.643923 1
0 0.576119 0.643923 1
0 0.576119 0.639659 1
0 0.576119 0.639659 1
0 0.576119 0.635394 1
0 0.576119 0.635394 1
0 0.574627 0.631130 1
0 0.574627 0.631130 1
0 0.573134 0.626866 1
0 0.573134 0.620469 1
0 0.573134 0.620469 1
0 0.571642 0.618337 1
0 0.571642 0.618337 1
0 0.570149 0.614072 1
0 0.570149 0.614072 1
0 0.570149 0.611940 1
0 0.570149 0.611940 1
0 0.570149 0.609808 1
0 0.570149 0.609808 1
0 0.570149 0.607676 1
0 0.570149 0.607676 1
0 0.570149 0.605544 1
0 0.570149 0.605544 1
0 0.570149 0.601279 1
0 0.570149 0.601279 1
0 0.570149 0.601279 1
0 0.570149 0.599147 1
0 0.570149 0.599147 1
0 0.568657 0.599147 1
0 0.568657 0.599147 1
0 0.568657 0.594883 1
0 0.568657 0.594883 1
0 0.568657 0.592751 1
0 0.568657 0.592751 1
0 0.567164 0.592751 1
0 0.567164 0.588486 1
0 0.567164 0.588486 1
0 0.565672 0.586354 1
0 0.565672 0.584222 1
0 0.565672 0.584222 1
0 0.564179 0.582090 1
0 0.564179 0.582090 1
0 0.564179 0.579957 1
0 0.564179 0.579957 1
0 0.564179 0.575693 1
0 0.561194 0.573561 1
0 0.561194 0.573561 1
0 0.561194 0.569296 1
0 0.559701 0.567164 1
0 0.559701 0.567164 1
0 0.559701 0.565032 1
0 0.559701 0.565032 1
0 0.558209 0.562900 1
0 0.558209 0.562900 1
0 0.558209 0.560768 1
0 0.558209 0.560768 1
0 0.558209 0.558635 1
0 0.558209 0.558635 1
0 0.558209 0.558635 1
0 0.558209 0.556503 1
0 0.558209 0.556503 1
0 0.558209 0.554371 1
0 0.558209 0.554371 1
0 0.556716 0.552239 1
0 0.556716 0.552239 1
0 0.556716 0.550107 1
0 0.556716 0.550107 1
0 0.556716 0.550107 1
0 0.555224 0.547974 1
0 0.555224 0.545842 1
0 0.555224 0.545842 1
0 0.553731 0.543710 1
0 0.553731 0.541578 1
0 0.553731 0.541578 1
0 0.553731 0.541578 1
0 0.552239 0.539446 1
0 0.552239 0.537313 1
0 0.552239 0.537313 1
0 0.552239 0.535181 1
0 0.552239 0.535181 1
0 0.550746 0.535181 1
0 0.550746 0.535181 1
0 0.550746 0.533049 1
0 0.550746 0.533049 1
0 0.549254 0.530917 1
0 0.549254 0.530917 1
0 0.547761 0.528785 1
0 0.547761 0.528785 1
0 0.547761 0.526652 1
0 0.546269 0.524520 1
0 0.546269 0.524520 1
0 0.546269 0.524520 1
0 0.546269 0.524520 1
0 0.546269 0.524520 1
0 0.546269 0.524520 1
0 0.544776 0.522388 1
0 0.544776 0.522388 1
0 0.543284 0.520256 1
0 0.543284 0.520256 1
0 0.541791 0.518124 1
0 0.541791 0.518124 1
0 0.540299 0.515991 1
0 0.540299 0.515991 1
0 0.540299 0.515991 1
0 0.540299 0.515991 1
0 0.538806 0.515991 1
0 0.538806 0.515991 1
0 0.537313 0.513859 1
0 0.535821 0.513859 1
0 0.535821 0.513859 1
0 0.534328 0.511727 1
0 0.534328 0.511727 1
0 0.534328 0.511727 1
0 0.534328 0.509595 1
0 0.534328 0.509595 1
0 0.532836 0.507463 1
0 0.532836 0.507463 1
0 0.531343 0.507463 1
0 0.531343 0.507463 1
0 0.529851 0.507463 1
0 0.529851 0.507463 1
0 0.528358 0.507463 1
0 0.528358 0.507463 1
0 0.528358 0.505330 1
0 0.528358 0.505330 1
0 0.528358 0.505330 1
0 0.528358 0.505330 1
0 0.526866 0.505330 1
0 0.526866 0.505330 1
0 0.525373 0.503198 1
0 0.525373 0.503198 1
0 0.523881 0.501066 1
0 0.523881 0.501066 1
0 0.522388 0.501066 1
0 0.522388 0.501066 1
0 0.522388 0.498934 1
0 0.522388 0.498934 1
0 0.520896 0.498934 1
0 0.519403 0.498934 1
0 0.519403 0.498934 1
0 0.517910 0.498934 1
0 0.517910 0.498934 1
0 0.516418 0.498934 1
0 0.516418 0.498934 1
0 0.516418 0.498934 1
0 0.516418 0.498934 1
0 0.514925 0.498934 1
0 0.514925 0.498934 1
0 0.513433 0.498934 1
0 0.513433 0.498934 1
0 0.511940 0.498934 1
0 0.511940 0.498934 1
0 0.510448 0.498934 1
0 0.510448 0.498934 1
0 0.510448 0.498934 1
0 0.510448 0.498934 0
1 0.537313 0.586354 0
0 0.537313 0.588486 1
0 0.537313 0.588486 1
0 0.537313 0.590618 1
0 0.537313 0.590618 1
0 0.537313 0.588486 1
0 0.537313 0.588486 1
0 0.538806 0.588486 1
0 0.538806 0.588486 1
0 0.538806 0.586354 1
0 0.538806 0.586354 1
0 0.540299 0.584222 1
0 0.540299 0.584222 1
0 0.540299 0.584222 1
0 0.540299 0.584222 1
0 0.540299 0.582090 1
0 0.540299 0.582090 1
0 0.541791 0.582090 1
0 0.541791 0.582090 1
0 0.541791 0.579957 1
0 0.541791 0.579957 1
0 0.543284 0.577825 1
0 0.543284 0.577825 1
0 0.543284 0.575693 1
0 0.543284 0.575693 1
0 0.544776 0.575693 1
0 0.544776 0.575693 1
0 0.546269 0.575693 1
0 0.546269 0.575693 1
0 0.546269 0.575693 1
0 0.546269 0.575693 1
0 0.547761 0.573561 1
0 0.547761 0.573561 1
0 0.549254 0.573561 1
0 0.549254 0.573561 1
0 0.550746 0.571429 1
0 0.550746 0.571429 1
0 0.550746 0.569296 1
0 0.552239 0.569296 1
0 0.552239 0.567164 1
0 0.552239 0.567164 1
0 0.552239 0.567164 1
0 0.552239 0.567164 1
0 0.553731 0.565032 1
0 0.555224 0.562900 1
0 0.555224 0.562900 1
0 0.556716 0.560768 1
0 0.556716 0.560768 1
0 0.556716 0.558635 1
0 0.558209 0.558635 1
0 0.558209 0.558635 1
0 0.558209 0.556503 1
0 0.558209 0.556503 1
0 0.559701 0.554371 1
0 0.559701 0.554371 1
0 0.559701 0.552239 1
0 0.559701 0.552239 1
0 0.561194 0.550107 1
0 0.562687 0.550107 1
0 0.562687 0.550107 1
0 0.564179 0.547974 1
0 0.564179 0.547974 1
0 0.564179 0.545842 1
0 0.564179 0.545842 1
0 0.564179 0.543710 1
0 0.564179 0.543710 1
0 0.565672 0.541578 1
0 0.565672 0.541578 1
0 0.567164 0.539446 1
0 0.567164 0.539446 1
0 0.568657 0.537313 1
0 0.568657 0.537313 1
0 0.570149 0.535181 1
0 0.570149 0.533049 1
0 0.570149 0.533049 1
0 0.571642 0.530917 1
0 0.571642 0.530917 1
0 0.573134 0.528785 1
0 0.573134 0.528785 1
0 0.574627 0.526652 1
0 0.574627 0.526652 1
0 0.576119 0.524520 1
0 0.576119 0.524520 1
0 0.577612 0.524520 1
0 0.577612 0.524520 1
0 0.579104 0.520256 1
0 0.579104 0.520256 1
0 0.580597 0.520256 1
0 0.580597 0.520256 1
0 0.582090 0.518124 1
0 0.582090 0.518124 1
0 0.582090 0.515991 1
0 0.582090 0.515991 1
0 0.583582 0.515991 1
0 0.583582 0.515991 1
0 0.585075 0.515991 1
0 0.585075 0.515991 1
0 0.585075 0.513859 1
0 0.585075 0.513859 1
0 0.586567 0.513859 1
0 0.586567 0.513859 1
0 0.586567 0.511727 1
0 0.588060 0.511727 1
0 0.588060 0.511727 1
0 0.588060 0.509595 1
0 0.589552 0.507463 1
0 0.589552 0.507463 1
0 0.591045 0.507463 1
0 0.591045 0.507463 1
0 0.591045 0.507463 1
0 0.591045 0.507463 1
0 0.592537 0.507463 1
0 0.594030 0.507463 1
0 0.594030 0.507463 1
0 0.594030 0.505330 1
0 0.594030 0.505330 1
0 0.594030 0.505330 1
0 0.594030 0.505330 1
0 0.595522 0.505330 1
0 0.595522 0.505330 1
0 0.595522 0.503198 1
0 0.595522 0.503198 1
0 0.597015 0.503198 1
0 0.597015 0.503198 1
0 0.597015 0.501066 1
0 0.597015 0.501066 1
0 0.598507 0.501066 1
0 0.598507 0.501066 1
0 0.600000 0.501066 1
0 0.600000 0.501066 1
0 0.600000 0.498934 1
0 0.600000 0.498934 1
0 0.600000 0.498934 1
0 0.600000 0.498934 1
0 0.601493 0.498934 1
0 0.601493 0.498934 1
0 0.602985 0.498934 1
0 0.604478 0.498934 1
0 0.605970 0.498934 1
0 0.605970 0.496802 1
0 0.605970 0.496802 1
0 0.607463 0.496802 1
0 0.607463 0.496802 1
0 0.607463 0.494670 1
0 0.608955 0.494670 1
0 0.608955 0.494670 1
0 0.610448 0.494670 1
0 0.610448 0.494670 1
0 0.611940 0.494670 1
0 0.611940 0.494670 1
0 0.611940 0.494670 1
0 0.611940 0.494670 1
0 0.613433 0.492537 1
0 0.613433 0.492537 1
0 0.614925 0.492537 1
0 0.614925 0.492537 1
0 0.616418 0.492537 1
0 0.616418 0.492537 1
0 0.617910 0.492537 1
0 0.617910 0.492537 1
0 0.617910 0.492537 1
0 0.617910 0.492537 1
0 0.619403 0.492537 1
0 0.619403 0.492537 1
0 0.620896 0.492537 1
0 0.620896 0.492537 1
0 0.622388 0.492537 1
0 0.622388 0.492537 1
0 0.623881 0.492537 1
0 0.623881 0.492537 1
0 0.625373 0.492537 1
0 0.625373 0.492537 1
0 0.626866 0.492537 1
0 0.626866 0.492537 1
0 0.628358 0.492537 1
0 0.628358 0.492537 1
0 0.629851 0.492537 1
0 0.629851 0.492537 1
0 0.629851 0.492537 0
1 0.659701 0.699360 0
0 0.659701 0.699360 1
0 0.658209 0.703625 1
0 0.658209 0.703625 1
0 0.658209 0.703625 1
0 0.658209 0.703625 1
0 0.659701 0.701493 1
0 0.659701 0.699360 1
0 0.659701 0.699360 1
0 0.659701 0.699360 1
0 0.659701 0.699360 1
0 0.659701 0.697228 1
0 0.659701 0.695096 1
0 0.659701 0.695096 1
0 0.661194 0.695096 1
0 0.661194 0.695096 1
0 0.661194 0.695096 1
0 0.661194 0.695096 1
0 0.662687 0.695096 1
0 0.662687 0.695096 1
0 0.664179 0.692964 1
0 0.664179 0.692964 1
0 0.665672 0.692964 1
0 0.665672 0.692964 1
0 0.665672 0.690832 1
0 0.665672 0.688699 1
0 0.665672 0.688699 1
0 0.665672 0.686567 1
0 0.665672 0.686567 1
0 0.667164 0.686567 1
0 0.667164 0.686567 1
0 0.668657 0.686567 1
0 0.668657 0.686567 1
0 0.668657 0.684435 1
0 0.668657 0.684435 1
0 0.668657 0.682303 1
0 0.668657 0.682303 1
0 0.668657 0.680171 1
0 0.668657 0.680171 1
0 0.668657 0.678038 1
0 0.668657 0.678038 1
0 0.668657 0.675906 1
0 0.668657 0.675906 1
0 0.668657 0.671642 1
0 0.668657 0.669510 1
0 0.668657 0.669510 1
0 0.668657 0.667377 1
0 0.668657 0.667377 1
0 0.668657 0.663113 1
0 0.668657 0.663113 1
0 0.667164 0.660981 1
0 0.667164 0.660981 1
0 0.665672 0.658849 1
0 0.665672 0.658849 1
0 0.665672 0.656716 1
0 0.665672 0.656716 1
0 0.665672 0.652452 1
0 0.665672 0.652452 1
0 0.664179 0.650320 1
0 0.664179 0.650320 1
0 0.661194 0.648188 1
0 0.661194 0.648188 1
0 0.659701 0.643923 1
0 0.659701 0.643923 1
0 0.659701 0.641791 1
0 0.659701 0.641791 1
0 0.659701 0.639659 1
0 0.659701 0.639659 1
0 0.658209 0.637527 1
0 0.658209 0.637527 1
0 0.656716 0.635394 1
0 0.656716 0.635394 1
0 0.655224 0.633262 1
0 0.655224 0.633262 1
0 0.655224 0.631130 1
0 0.655224 0.631130 1
0 0.656716 0.633262 1
0 0.656716 0.633262 0
1 0.637313 0.594883 0
0 0.637313 0.594883 1
0 0.637313 0.599147 1
0 0.637313 0.599147 1
0 0.640299 0.599147 1
0 0.640299 0.599147 1
0 0.643284 0.599147 1
0 0.643284 0.599147 1
0 0.647761 0.599147 1
0 0.647761 0.599147 1
0 0.652239 0.599147 1
0 0.652239 0.599147 1
0 0.655224 0.599147 1
0 0.655224 0.599147 1
0 0.659701 0.599147 1
0 0.659701 0.599147 1
0 0.662687 0.599147 1
0 0.662687 0.599147 1
0 0.664179 0.599147 1
0 0.664179 0.599147 1
0 0.664179 0.597015 1
0 0.664179 0.597015 1
0 0.664179 0.594883 1
0 0.664179 0.594883 1
0 0.665672 0.594883 1
0 0.665672 0.594883 1
0 0.665672 0.592751 1
0 0.665672 0.592751 1
0 0.665672 0.592751 1
0 0.665672 0.592751 1
0 0.667164 0.592751 1
0 0.667164 0.592751 1
0 0.668657 0.592751 1
0 0.668657 0.592751 1
0 0.668657 0.590618 1
0 0.668657 0.590618 1
0 0.670149 0.588486 1
0 0.670149 0.588486 1
0 0.671642 0.586354 1
0 0.671642 0.586354 1
0 0.671642 0.584222 1
0 0.671642 0.584222 1
0 0.671642 0.584222 1
0 0.671642 0.584222 1
0 0.671642 0.584222 0
1 0.646269 0.498934 0
0 0.644776 0.498934 1
0 0.644776 0.498934 1
0 0.647761 0.498934 1
0 0.647761 0.498934 1
0 0.649254 0.501066 1
0 0.649254 0.501066 1
0 0.653731 0.503198 1
0 0.656716 0.507463 1
0 0.656716 0.507463 1
0 0.659701 0.507463 1
0 0.659701 0.507463 1
0 0.665672 0.513859 1
0 0.665672 0.515991 1
0 0.665672 0.518124 1
0 0.665672 0.520256 1
0 0.665672 0.524520 1
0 0.665672 0.524520 1
0 0.665672 0.524520 1
0 0.667164 0.526652 1
0 0.667164 0.526652 1
0 0.667164 0.530917 1
0 0.667164 0.530917 1
0 0.668657 0.533049 1
0 0.668657 0.533049 1
0 0.668657 0.535181 1
0 0.668657 0.535181 1
0 0.668657 0.537313 1
0 0.668657 0.537313 1
0 0.668657 0.539446 1
0 0.668657 0.539446 1
0 0.668657 0.541578 1
0 0.668657 0.541578 1
0 0.668657 0.541578 1
0 0.668657 0.541578 1
0 0.670149 0.541578 1
0 0.670149 0.543710 1
0 0.670149 0.543710 1
0 0.670149 0.545842 1
0 0.670149 0.545842 1
0 0.670149 0.547974 1
0 0.670149 0.547974 1
0 0.670149 0.550107 1
0 0.670149 0.550107 1
0 0.671642 0.550107 1
0 0.671642 0.550107 1
0 0.671642 0.552239 1
0 0.671642 0.552239 1
0 0.671642 0.554371 1
0 0.671642 0.554371 1
0 0.671642 0.556503 1
0 0.671642 0.556503 1
0 0.673134 0.558635 1
0 0.673134 0.558635 1
0 0.673134 0.558635 1
0 0.673134 0.558635 1
0 0.673134 0.560768 1
0 0.673134 0.560768 1
0 0.673134 0.562900 1
0 0.673134 0.562900 1
0 0.673134 0.562900 0
1 0.695522 0.633262 0
0 0.695522 0.633262 1
0 0.695522 0.635394 1
0 0.695522 0.635394 1
0 0.697015 0.635394 1
0 0.697015 0.635394 1
0 0.698507 0.633262 1
0 0.698507 0.633262 1
0 0.701493 0.633262 1
0 0.701493 0.633262 1
0 0.707463 0.633262 1
0 0.707463 0.633262 1
0 0.713433 0.635394 1
0 0.713433 0.635394 1
0 0.720896 0.637527 1
0 0.720896 0.637527 1
0 0.726866 0.641791 1
0 0.726866 0.641791 1
0 0.731343 0.643923 1
0 0.731343 0.643923 1
0 0.734328 0.646055 1
0 0.734328 0.646055 1
0 0.737313 0.650320 1
0 0.737313 0.650320 1
0 0.738806 0.652452 1
0 0.738806 0.652452 1
0 0.741791 0.652452 1
0 0.741791 0.652452 1
0 0.743284 0.654584 1
0 0.743284 0.654584 1
0 0.747761 0.654584 1
0 0.747761 0.654584 1
0 0.750746 0.656716 1
0 0.750746 0.656716 1
0 0.752239 0.658849 1
0 0.752239 0.658849 1
0 0.753731 0.658849 1
0 0.753731 0.658849 1
0 0.753731 0.658849 0
1 0.719403 0.686567 0
0 0.719403 0.686567 1
0 0.719403 0.690832 1
0 0.719403 0.690832 1
0 0.719403 0.688699 1
0 0.719403 0.688699 1
0 0.720896 0.686567 1
0 0.720896 0.686567 1
0 0.722388 0.686567 1
0 0.722388 0.684435 1
0 0.722388 0.684435 1
0 0.725373 0.682303 1
0 0.725373 0.682303 1
0 0.725373 0.680171 1
0 0.725373 0.680171 1
0 0.725373 0.678038 1
0 0.725373 0.678038 1
0 0.725373 0.675906 1
0 0.725373 0.675906 1
0 0.725373 0.673774 1
0 0.725373 0.673774 1
0 0.725373 0.669510 1
0 0.725373 0.669510 1
0 0.725373 0.667377 1
0 0.725373 0.667377 1
0 0.725373 0.665245 1
0 0.725373 0.665245 1
0 0.725373 0.660981 1
0 0.725373 0.660981 1
0 0.725373 0.658849 1
0 0.725373 0.658849 1
0 0.725373 0.654584 1
0 0.725373 0.654584 1
0 0.725373 0.652452 1
0 0.725373 0.652452 1
0 0.725373 0.648188 1
0 0.725373 0.648188 1
0 0.725373 0.643923 1
0 0.725373 0.643923 1
0 0.726866 0.639659 1
0 0.726866 0.639659 1
0 0.726866 0.635394 1
0 0.726866 0.635394 1
0 0.726866 0.631130 1
0 0.726866 0.631130 1
0 0.726866 0.626866 1
0 0.726866 0.626866 1
0 0.726866 0.624733 1
0 0.726866 0.624733 1
0 0.726866 0.618337 1
0 0.726866 0.618337 1
0 0.725373 0.614072 1
0 0.725373 0.614072 1
0 0.725373 0.609808 1
0 0.725373 0.609808 1
0 0.725373 0.603412 1
0 0.725373 0.603412 1
0 0.725373 0.601279 1
0 0.725373 0.601279 1
0 0.725373 0.597015 1
0 0.725373 0.597015 1
0 0.725373 0.594883 1
0 0.725373 0.594883 1
0 0.725373 0.592751 1
0 0.725373 0.592751 1
0 0.725373 0.588486 1
0 0.725373 0.588486 1
0 0.725373 0.584222 1
0 0.725373 0.584222 1
0 0.725373 0.579957 1
0 0.725373 0.579957 1
0 0.725373 0.575693 1
0 0.725373 0.575693 1
0 0.725373 0.573561 1
0 0.725373 0.573561 1
0 0.725373 0.569296 1
0 0.725373 0.569296 1
0 0.725373 0.567164 1
0 0.725373 0.567164 1
0 0.725373 0.565032 1
0 0.725373 0.565032 1
0 0.725373 0.560768 1
0 0.725373 0.560768 1
0 0.725373 0.558635 1
0 0.725373 0.558635 1
0 0.723881 0.554371 1
0 0.723881 0.554371 1
0 0.723881 0.550107 1
0 0.723881 0.550107 1
0 0.723881 0.545842 1
0 0.723881 0.545842 1
0 0.723881 0.543710 1
0 0.723881 0.543710 1
0 0.723881 0.539446 1
0 0.723881 0.539446 1
0 0.723881 0.537313 1
0 0.723881 0.535181 1
0 0.723881 0.535181 1
0 0.723881 0.533049 1
0 0.723881 0.528785 1
0 0.723881 0.528785 1
0 0.723881 0.524520 1
0 0.723881 0.524520 1
0 0.723881 0.524520 1
0 0.723881 0.524520 1
0 0.723881 0.520256 1
0 0.723881 0.520256 1
0 0.723881 0.518124 1
0 0.723881 0.518124 1
0 0.723881 0.515991 1
0 0.723881 0.515991 1
0 0.723881 0.515991 1
0 0.723881 0.515991 1
0 0.723881 0.513859 1
0 0.723881 0.513859 1
0 0.723881 0.511727 1
0 0.723881 0.511727 1
0 0.725373 0.509595 1
0 0.725373 0.509595 1
0 0.725373 0.507463 1
0 0.725373 0.507463 1
0 0.725373 0.509595 1
0 0.725373 0.509595 1
0 0.725373 0.507463 1
0 0.725373 0.507463 1
0 0.725373 0.507463 1
0 0.725373 0.507463 1
0 0.725373 0.505330 1
0 0.723881 0.503198 1
0 0.723881 0.503198 1
0 0.723881 0.501066 1
0 0.723881 0.501066 1
0 0.723881 0.501066 1
0 0.723881 0.498934 1
0 0.723881 0.498934 1
0 0.723881 0.498934 0
1 0.725373 0.620469 0
0 0.725373 0.620469 1
0 0.723881 0.624733 1
0 0.723881 0.624733 1
0 0.723881 0.626866 1
0 0.723881 0.626866 1
0 0.723881 0.624733 1
0 0.723881 0.624733 1
0 0.723881 0.620469 1
0 0.723881 0.620469 1
0 0.723881 0.618337 1
0 0.723881 0.618337 1
0 0.723881 0.618337 1
0 0.723881 0.618337 1
0 0.723881 0.616205 1
0 0.723881 0.616205 1
0 0.723881 0.614072 1
0 0.723881 0.614072 1
0 0.722388 0.611940 1
0 0.722388 0.611940 1
0 0.722388 0.609808 1
0 0.722388 0.609808 1
0 0.720896 0.607676 1
0 0.720896 0.607676 1
0 0.719403 0.603412 1
0 0.719403 0.603412 1
0 0.719403 0.601279 1
0 0.719403 0.601279 1
0 0.717910 0.597015 1
0 0.717910 0.597015 1
0 0.716418 0.592751 1
0 0.716418 0.592751 1
0 0.713433 0.590618 1
0 0.713433 0.590618 1
0 0.713433 0.586354 1
0 0.713433 0.586354 1
0 0.711940 0.584222 1
0 0.711940 0.584222 1
0 0.708955 0.584222 1
0 0.708955 0.584222 1
0 0.707463 0.579957 1
0 0.707463 0.579957 1
0 0.705970 0.577825 1
0 0.705970 0.577825 1
0 0.704478 0.575693 1
0 0.704478 0.575693 1
0 0.702985 0.575693 1
0 0.702985 0.573561 1
0 0.702985 0.573561 1
0 0.701493 0.571429 1
0 0.701493 0.571429 1
0 0.701493 0.567164 1
0 0.701493 0.567164 1
0 0.701493 0.567164 1
0 0.701493 0.567164 1
0 0.700000 0.565032 1
0 0.700000 0.565032 1
0 0.700000 0.567164 1
0 0.700000 0.567164 1
0 0.701493 0.567164 1
0 0.701493 0.567164 1
0 0.701493 0.567164 1
0 0.701493 0.567164 1
0 0.704478 0.567164 1
0 0.704478 0.567164 1
0 0.707463 0.573561 1
0 0.707463 0.573561 1
0 0.713433 0.575693 1
0 0.713433 0.575693 1
0 0.719403 0.582090 1
0 0.719403 0.582090 1
0 0.725373 0.588486 1
0 0.725373 0.588486 1
0 0.728358 0.592751 1
0 0.728358 0.592751 1
0 0.731343 0.594883 1
0 0.731343 0.594883 1
0 0.734328 0.599147 1
0 0.734328 0.599147 1
0 0.735821 0.601279 1
0 0.735821 0.601279 1
0 0.738806 0.601279 1
0 0.738806 0.601279 1
0 0.740299 0.605544 1
0 0.740299 0.605544 1
0 0.743284 0.607676 1
0 0.743284 0.607676 1
0 0.744776 0.609808 1
0 0.744776 0.609808 1
0 0.746269 0.609808 1
0 0.746269 0.609808 1
0 0.747761 0.611940 1
0 0.747761 0.611940 1
0 0.749254 0.611940 1
0 0.749254 0.611940 1
0 0.750746 0.616205 1
0 0.750746 0.616205 1
0 0.752239 0.618337 1
0 0.752239 0.618337 1
0 0.755224 0.618337 1
0 0.755224 0.618337 1
0 0.756716 0.620469 1
0 0.756716 0.620469 1
0 0.758209 0.624733 1
0 0.758209 0.624733 1
0 0.761194 0.626866 1
0 0.761194 0.626866 1
0 0.764179 0.626866 1
0 0.764179 0.626866 1
0 0.767164 0.631130 1
0 0.767164 0.631130 1
0 0.768657 0.633262 1
0 0.768657 0.633262 1
0 0.770149 0.635394 1
0 0.770149 0.635394 1
0 0.771642 0.635394 1
0 0.771642 0.635394 1
0 0.773134 0.637527 1
0 0.773134 0.637527 1
0 0.774627 0.639659 1
0 0.774627 0.639659 1
0 0.777612 0.641791 1
0 0.777612 0.641791 1
0 0.779104 0.643923 1
0 0.779104 0.643923 1
0 0.780597 0.643923 1
0 0.780597 0.643923 1
0 0.783582 0.646055 1
0 0.783582 0.646055 1
0 0.785075 0.648188 1
0 0.785075 0.648188 1
0 0.786567 0.650320 1
0 0.786567 0.650320 1
0 0.789552 0.650320 1
0 0.789552 0.650320 1
0 0.791045 0.652452 1
0 0.791045 0.652452 1
0 0.792537 0.652452 1
0 0.792537 0.652452 1
0 0.795522 0.654584 1
0 0.795522 0.654584 1
0 0.797015 0.654584 1
0 0.797015 0.654584 1
0 0.797015 0.654584 1
0 0.797015 0.654584 1
0 0.800000 0.656716 1
0 0.800000 0.656716 1
0 0.801493 0.656716 1
0 0.801493 0.656716 1
0 0.802985 0.656716 1
0 0.804478 0.656716 1
0 0.804478 0.656716 1
0 0.805970 0.656716 1
0 0.805970 0.656716 1
0 0.807463 0.656716 1
0 0.807463 0.656716 1
0 0.808955 0.656716 1
0 0.808955 0.656716 1
0 0.808955 0.656716 1
0 0.808955 0.656716 1
0 0.810448 0.656716 1
0 0.810448 0.656716 1
0 0.813433 0.656716 1
0 0.813433 0.656716 1
0 0.814925 0.656716 1
0 0.814925 0.656716 1
0 0.814925 0.656716 1
0 0.814925 0.656716 1
0 0.816418 0.656716 1
0 0.816418 0.656716 1
0 0.817910 0.656716 1
0 0.817910 0.656716 1
0 0.819403 0.656716 1
0 0.819403 0.656716 1
0 0.819403 0.654584 1
0 0.819403 0.654584 1
0 0.817910 0.654584 1
0 0.817910 0.654584 0
1 0.816418 0.543710 0
0 0.816418 0.543710 1
0 0.816418 0.543710 0
1 0.773134 0.712154 0
0 0.773134 0.712154 1
0 0.773134 0.712154 1
0 0.773134 0.712154 0
1 0.773134 0.712154 0
0 0.773134 0.712154 1
0 0.771642 0.720682 1
0 0.771642 0.720682 1
0 0.771642 0.718550 1
0 0.771642 0.718550 1
0 0.771642 0.716418 1
0 0.771642 0.716418 1
0 0.773134 0.716418 1
0 0.773134 0.716418 1
0 0.773134 0.714286 1
0 0.773134 0.714286 1
0 0.773134 0.714286 1
0 0.773134 0.714286 1
0 0.773134 0.712154 1
0 0.773134 0.712154 1
0 0.773134 0.712154 1
0 0.773134 0.712154 1
0 0.773134 0.710021 1
0 0.774627 0.707889 1
0 0.774627 0.707889 1
0 0.774627 0.705757 1
0 0.774627 0.705757 1
0 0.774627 0.703625 1
0 0.774627 0.703625 1
0 0.774627 0.703625 1
0 0.774627 0.703625 1
0 0.776119 0.703625 1
0 0.776119 0.703625 1
0 0.776119 0.701493 1
0 0.776119 0.701493 1
0 0.776119 0.699360 1
0 0.776119 0.699360 1
0 0.777612 0.699360 1
0 0.777612 0.695096 1
0 0.777612 0.695096 1
0 0.779104 0.690832 1
0 0.779104 0.690832 1
0 0.779104 0.688699 1
0 0.779104 0.686567 1
0 0.779104 0.684435 1
0 0.779104 0.684435 1
0 0.779104 0.682303 1
0 0.779104 0.680171 1
0 0.779104 0.680171 1
0 0.780597 0.678038 1
0 0.780597 0.678038 1
0 0.780597 0.675906 1
0 0.780597 0.675906 1
0 0.780597 0.673774 1
0 0.780597 0.673774 1
0 0.782090 0.669510 1
0 0.782090 0.669510 1
0 0.782090 0.669510 1
0 0.782090 0.669510 1
0 0.782090 0.667377 1
0 0.782090 0.667377 1
0 0.782090 0.663113 1
0 0.782090 0.663113 1
0 0.782090 0.660981 1
0 0.782090 0.660981 1
0 0.782090 0.658849 1
0 0.782090 0.658849 1
0 0.782090 0.654584 1
0 0.782090 0.654584 1
0 0.782090 0.652452 1
0 0.782090 0.652452 1
0 0.782090 0.650320 1
0 0.782090 0.650320 1
0 0.782090 0.648188 1
0 0.782090 0.648188 1
0 0.782090 0.643923 1
0 0.782090 0.643923 1
0 0.782090 0.643923 1
0 0.782090 0.643923 1
0 0.782090 0.641791 1
0 0.782090 0.641791 1
0 0.782090 0.639659 1
0 0.782090 0.639659 1
0 0.782090 0.635394 1
0 0.782090 0.635394 1
0 0.782090 0.635394 1
0 0.782090 0.635394 1
0 0.782090 0.633262 1
0 0.782090 0.633262 1
0 0.782090 0.631130 1
0 0.782090 0.631130 1
0 0.782090 0.626866 1
0 0.782090 0.626866 1
0 0.782090 0.626866 1
0 0.782090 0.626866 1
0 0.783582 0.622601 1
0 0.783582 0.620469 1
0 0.783582 0.620469 1
0 0.783582 0.618337 1
0 0.783582 0.618337 1
0 0.783582 0.618337 1
0 0.783582 0.618337 1
0 0.783582 0.614072 1
0 0.783582 0.614072 1
0 0.783582 0.611940 1
0 0.783582 0.611940 1
0 0.783582 0.609808 1
0 0.783582 0.609808 1
0 0.785075 0.605544 1
0 0.785075 0.605544 1
0 0.785075 0.601279 1
0 0.785075 0.601279 1
0 0.785075 0.601279 1
0 0.785075 0.601279 1
0 0.785075 0.597015 1
0 0.785075 0.597015 1
0 0.785075 0.592751 1
0 0.785075 0.592751 1
0 0.785075 0.592751 1
0 0.785075 0.592751 1
0 0.786567 0.588486 1
0 0.786567 0.588486 1
0 0.786567 0.586354 1
0 0.786567 0.584222 1
0 0.786567 0.584222 1
0 0.786567 0.582090 1
0 0.786567 0.582090 1
0 0.788060 0.579957 1
0 0.788060 0.579957 1
0 0.788060 0.575693 1
0 0.788060 0.575693 1
0 0.788060 0.575693 1
0 0.788060 0.575693 1
0 0.788060 0.571429 1
0 0.788060 0.571429 1
0 0.788060 0.567164 1
0 0.788060 0.567164 1
0 0.788060 0.565032 1
0 0.788060 0.565032 1
0 0.788060 0.562900 1
0 0.788060 0.562900 1
0 0.788060 0.558635 1
0 0.788060 0.558635 1
0 0.788060 0.556503 1
0 0.788060 0.556503 1
0 0.788060 0.554371 1
0 0.788060 0.554371 1
0 0.788060 0.550107 1
0 0.788060 0.550107 1
0 0.788060 0.545842 1
0 0.788060 0.545842 1
0 0.788060 0.541578 1
0 0.788060 0.541578 1
0 0.788060 0.539446 1
0 0.788060 0.539446 1
0 0.788060 0.535181 1
0 0.788060 0.535181 1
0 0.788060 0.533049 1
0 0.788060 0.533049 1
0 0.788060 0.530917 1
0 0.788060 0.530917 1
0 0.788060 0.524520 1
0 0.788060 0.524520 1
0 0.788060 0.524520 1
0 0.788060 0.524520 1
0 0.788060 0.520256 1
0 0.788060 0.520256 1
0 0.788060 0.515991 1
0 0.788060 0.515991 1
0 0.788060 0.513859 1
0 0.788060 0.513859 1
0 0.789552 0.511727 1
0 0.789552 0.511727 1
0 0.789552 0.507463 1
0 0.789552 0.507463 1
0 0.789552 0.505330 1
0 0.789552 0.505330 1
0 0.789552 0.501066 1
0 0.789552 0.501066 1
0 0.789552 0.498934 1
0 0.789552 0.498934 1
0 0.789552 0.498934 1
0 0.789552 0.498934 1
0 0.789552 0.494670 1
0 0.789552 0.494670 1
0 0.789552 0.492537 1
0 0.789552 0.492537 1
0 0.789552 0.490405 1
0 0.789552 0.490405 1
0 0.789552 0.490405 1
0 0.789552 0.488273 1
0 0.789552 0.488273 1
0 0.789552 0.486141 1
0 0.789552 0.486141 1
0 0.789552 0.481876 1
0 0.789552 0.481876 1
0 0.789552 0.481876 1
0 0.789552 0.479744 1
0 0.789552 0.479744 1
0 0.789552 0.475480 1
0 0.789552 0.475480 1
0 0.789552 0.473348 1
0 0.789552 0.473348 1
0 0.789552 0.471215 1
0 0.789552 0.471215 1
0 0.789552 0.469083 1
0 0.789552 0.469083 1
0 0.789552 0.464819 1
0 0.789552 0.464819 1
0 0.789552 0.464819 1
0 0.789552 0.464819 1
0 0.789552 0.462687 1
0 0.789552 0.462687 1
0 0.789552 0.460554 1
0 0.789552 0.460554 1
0 0.789552 0.458422 1
0 0.789552 0.458422 1
0 0.789552 0.460554 1
0 0.789552 0.460554 1
0 0.789552 0.460554 0
1 0.777612 0.622601 0
0 0.777612 0.626866 1
0 0.777612 0.626866 1
0 0.776119 0.626866 1
0 0.776119 0.626866 1
0 0.777612 0.626866 1
0 0.777612 0.626866 1
0 0.777612 0.624733 1
0 0.777612 0.624733 1
0 0.777612 0.620469 1
0 0.777612 0.620469 1
0 0.777612 0.618337 1
0 0.777612 0.618337 1
0 0.777612 0.618337 1
0 0.777612 0.618337 1
0 0.777612 0.616205 1
0 0.777612 0.616205 1
0 0.777612 0.614072 1
0 0.777612 0.614072 1
0 0.777612 0.611940 1
0 0.777612 0.611940 1
0 0.777612 0.609808 1
0 0.777612 0.609808 1
0 0.776119 0.607676 1
0 0.776119 0.607676 1
0 0.774627 0.605544 1
0 0.774627 0.605544 1
0 0.774627 0.603412 1
0 0.774627 0.603412 1
0 0.773134 0.601279 1
0 0.773134 0.601279 1
0 0.773134 0.601279 1
0 0.773134 0.601279 1
0 0.773134 0.599147 1
0 0.773134 0.599147 1
0 0.771642 0.594883 1
0 0.771642 0.594883 1
0 0.771642 0.592751 1
0 0.771642 0.592751 1
0 0.770149 0.592751 1
0 0.770149 0.592751 1
0 0.770149 0.590618 1
0 0.770149 0.590618 1
0 0.768657 0.586354 1
0 0.768657 0.586354 1
0 0.767164 0.584222 1
0 0.767164 0.584222 1
0 0.767164 0.582090 1
0 0.767164 0.582090 1
0 0.767164 0.579957 1
0 0.767164 0.579957 1
0 0.765672 0.575693 1
0 0.765672 0.575693 1
0 0.765672 0.575693 1
0 0.765672 0.575693 1
0 0.764179 0.571429 1
0 0.764179 0.571429 1
0 0.762687 0.567164 1
0 0.762687 0.567164 1
0 0.761194 0.567164 1
0 0.761194 0.567164 1
0 0.761194 0.565032 1
0 0.761194 0.565032 1
0 0.761194 0.562900 1
0 0.761194 0.562900 1
0 0.758209 0.560768 1
0 0.758209 0.560768 1
0 0.756716 0.558635 1
0 0.756716 0.558635 1
0 0.755224 0.556503 1
0 0.755224 0.556503 1
0 0.755224 0.554371 1
0 0.755224 0.554371 1
0 0.753731 0.552239 1
0 0.753731 0.552239 1
0 0.753731 0.550107 1
0 0.753731 0.550107 1
0 0.752239 0.550107 1
0 0.752239 0.550107 1
0 0.752239 0.547974 1
0 0.752239 0.547974 1
0 0.750746 0.545842 1
0 0.750746 0.545842 1
0 0.750746 0.543710 1
0 0.750746 0.543710 1
0 0.749254 0.543710 1
0 0.749254 0.543710 1
0 0.749254 0.541578 1
0 0.749254 0.541578 1
0 0.747761 0.541578 1
0 0.747761 0.541578 1
0 0.747761 0.539446 1
0 0.747761 0.539446 1
0 0.746269 0.537313 1
0 0.746269 0.537313 1
0 0.744776 0.537313 1
0 0.744776 0.537313 1
0 0.743284 0.535181 1
0 0.743284 0.535181 1
0 0.743284 0.533049 1
0 0.743284 0.533049 1
0 0.743284 0.533049 1
0 0.743284 0.533049 1
0 0.743284 0.530917 1
0 0.743284 0.530917 1
0 0.743284 0.533049 1
0 0.743284 0.533049 1
0 0.743284 0.533049 0
1 0.785075 0.618337 0
0 0.785075 0.618337 1
0 0.785075 0.620469 1
0 0.785075 0.620469 1
0 0.785075 0.624733 1
0 0.785075 0.624733 1
0 0.785075 0.622601 1
0 0.785075 0.622601 1
0 0.785075 0.620469 1
0 0.785075 0.620469 1
0 0.786567 0.620469 1
0 0.786567 0.620469 1
0 0.788060 0.618337 1
0 0.788060 0.618337 1
0 0.789552 0.618337 1
0 0.789552 0.618337 1
0 0.791045 0.618337 1
0 0.791045 0.618337 1
0 0.791045 0.614072 1
0 0.791045 0.614072 1
0 0.792537 0.614072 1
0 0.792537 0.614072 1
0 0.792537 0.611940 1
0 0.792537 0.611940 1
0 0.795522 0.609808 1
0 0.795522 0.609808 1
0 0.797015 0.607676 1
0 0.797015 0.607676 1
0 0.797015 0.605544 1
0 0.797015 0.605544 1
0 0.797015 0.603412 1
0 0.797015 0.603412 1
0 0.798507 0.601279 1
0 0.798507 0.601279 1
0 0.800000 0.601279 1
0 0.800000 0.601279 1
0 0.801493 0.601279 1
0 0.801493 0.601279 1
0 0.802985 0.599147 1
0 0.802985 0.599147 1
0 0.802985 0.599147 1
0 0.802985 0.599147 1
0 0.804478 0.594883 1
0 0.804478 0.594883 1
0 0.805970 0.594883 1
0 0.805970 0.594883 1
0 0.807463 0.592751 1
0 0.807463 0.592751 1
0 0.808955 0.592751 1
0 0.808955 0.592751 1
0 0.808955 0.592751 1
0 0.810448 0.588486 1
0 0.810448 0.588486 1
0 0.813433 0.588486 1
0 0.813433 0.588486 1
0 0.813433 0.586354 1
0 0.813433 0.586354 1
0 0.814925 0.584222 1
0 0.814925 0.584222 1
0 0.814925 0.584222 1
0 0.814925 0.584222 1
0 0.816418 0.579957 1
0 0.816418 0.579957 1
0 0.817910 0.577825 1
0 0.817910 0.577825 1
0 0.819403 0.575693 1
0 0.819403 0.575693 1
0 0.820896 0.575693 1
0 0.820896 0.575693 1
0 0.820896 0.573561 1
0 0.820896 0.573561 1
0 0.822388 0.571429 1
0 0.822388 0.571429 1
0 0.822388 0.569296 1
0 0.822388 0.569296 1
0 0.823881 0.567164 1
0 0.823881 0.567164 1
0 0.825373 0.567164 1
0 0.825373 0.567164 1
0 0.826866 0.565032 1
0 0.826866 0.565032 1
0 0.826866 0.562900 1
0 0.826866 0.562900 1
0 0.828358 0.560768 1
0 0.828358 0.560768 1
0 0.829851 0.558635 1
0 0.829851 0.558635 1
0 0.831343 0.558635 1
0 0.831343 0.558635 1
0 0.832836 0.556503 1
0 0.832836 0.556503 1
0 0.832836 0.556503 1
0 0.832836 0.556503 1
0 0.834328 0.554371 1
0 0.834328 0.554371 1
0 0.835821 0.554371 1
0 0.835821 0.554371 1
0 0.837313 0.552239 1
0 0.837313 0.552239 1
0 0.837313 0.550107 1
0 0.837313 0.550107 1
0 0.838806 0.550107 1
0 0.838806 0.550107 1
0 0.840299 0.550107 1
0 0.840299 0.550107 1
0 0.841791 0.550107 1
0 0.841791 0.550107 1
0 0.841791 0.547974 1
0 0.841791 0.547974 1
0 0.844776 0.545842 1
0 0.844776 0.545842 1
0 0.844776 0.543710 1
0 0.844776 0.543710 1
0 0.846269 0.543710 1
0 0.846269 0.543710 1
0 0.847761 0.541578 1
0 0.847761 0.541578 1
0 0.849254 0.541578 1
0 0.849254 0.541578 1
0 0.849254 0.541578 1
0 0.849254 0.541578 1
0 0.850746 0.541578 1
0 0.850746 0.541578 1
0 0.850746 0.539446 1
0 0.850746 0.539446 1
0 0.850746 0.539446 1
0 0.850746 0.539446 1
0 0.852239 0.539446 1
0 0.852239 0.539446 1
0 0.852239 0.537313 1
0 0.852239 0.537313 1
0 0.853731 0.537313 1
0 0.853731 0.537313 1
0 0.855224 0.537313 1
0 0.855224 0.537313 1
0 0.856716 0.537313 1
0 0.856716 0.537313 1
0 0.856716 0.535181 1
0 0.856716 0.535181 1
0 0.856716 0.535181 1
0 0.856716 0.535181 1
0 0.858209 0.535181 1
0 0.858209 0.535181 1
0 0.859701 0.535181 1
0 0.859701 0.535181 1
0 0.861194 0.533049 1
0 0.861194 0.533049 1
0 0.862687 0.533049 1
0 0.862687 0.533049 1
0 0.862687 0.533049 1
0 0.862687 0.533049 1
0 0.862687 0.533049 1
0 0.862687 0.533049 1
0 0.864179 0.533049 1
0 0.864179 0.533049 1
0 0.865672 0.533049 1
0 0.865672 0.533049 1
0 0.867164 0.533049 1
0 0.867164 0.533049 1
0 0.868657 0.533049 1
0 0.868657 0.533049 1
0 0.868657 0.533049 1
0 0.868657 0.533049 1
0 0.868657 0.530917 1
0 0.868657 0.530917 1
0 0.868657 0.533049 1
0 0.868657 0.533049 1
0 0.868657 0.533049 1
0 0.868657 0.533049 1
0 0.867164 0.533049 1
0 0.867164 0.533049 0
1 0.173134 0.656716 0
0 0.171642 0.660981 1
0 0.170149 0.660981 1
0 0.170149 0.660981 1
0 0.171642 0.660981 1
0 0.171642 0.660981 1
0 0.171642 0.660981 1
0 0.171642 0.660981 1
0 0.173134 0.660981 1
0 0.173134 0.660981 1
0 0.171642 0.660981 1
0 0.171642 0.660981 1
0 0.170149 0.660981 1
0 0.170149 0.660981 1
0 0.170149 0.660981 1
0 0.170149 0.660981 1
0 0.170149 0.660981 1
0 0.170149 0.660981 1
0 0.168657 0.660981 1
0 0.168657 0.660981 1
0 0.167164 0.663113 1
0 0.167164 0.663113 1
0 0.165672 0.663113 1
0 0.165672 0.663113 1
0 0.164179 0.663113 1
0 0.164179 0.663113 1
0 0.164179 0.665245 1
0 0.164179 0.665245 1
0 0.162687 0.667377 1
0 0.161194 0.667377 1
0 0.161194 0.667377 1
0 0.159701 0.667377 1
0 0.158209 0.669510 1
0 0.158209 0.669510 1
0 0.158209 0.669510 1
0 0.156716 0.669510 1
0 0.156716 0.669510 1
0 0.156716 0.669510 1
0 0.155224 0.669510 1
0 0.155224 0.669510 1
0 0.153731 0.671642 1
0 0.152239 0.673774 1
0 0.152239 0.673774 1
0 0.152239 0.673774 1
0 0.150746 0.675906 1
0 0.150746 0.675906 1
0 0.149254 0.678038 1
0 0.147761 0.678038 1
0 0.147761 0.678038 1
0 0.146269 0.680171 1
0 0.146269 0.680171 1
0 0.146269 0.682303 1
0 0.143284 0.684435 1
0 0.143284 0.684435 1
0 0.141791 0.688699 1
0 0.141791 0.688699 1
0 0.140299 0.690832 1
0 0.140299 0.692964 1
0 0.140299 0.692964 1
0 0.140299 0.695096 1
0 0.140299 0.695096 1
0 0.138806 0.695096 1
0 0.138806 0.695096 1
0 0.138806 0.695096 1
0 0.138806 0.695096 1
0 0.137313 0.697228 1
0 0.137313 0.697228 1
0 0.137313 0.699360 1
0 0.137313 0.699360 1
0 0.137313 0.701493 1
0 0.137313 0.703625 1
0 0.137313 0.703625 1
0 0.137313 0.703625 1
0 0.137313 0.703625 1
0 0.138806 0.703625 1
0 0.138806 0.705757 1
0 0.138806 0.705757 1
0 0.140299 0.705757 1
0 0.140299 0.705757 1
0 0.140299 0.705757 1
0 0.141791 0.707889 1
0 0.144776 0.707889 1
0 0.144776 0.710021 1
0 0.144776 0.710021 1
0 0.146269 0.712154 1
0 0.146269 0.712154 1
0 0.147761 0.712154 1
0 0.147761 0.712154 1
0 0.149254 0.712154 1
0 0.149254 0.712154 1
0 0.150746 0.712154 1
0 0.150746 0.712154 1
0 0.152239 0.712154 1
0 0.152239 0.712154 1
0 0.152239 0.712154 1
0 0.153731 0.712154 1
0 0.153731 0.712154 1
0 0.155224 0.712154 1
0 0.155224 0.712154 1
0 0.156716 0.712154 1
0 0.156716 0.712154 1
0 0.156716 0.710021 1
0 0.156716 0.710021 1
0 0.158209 0.710021 1
0 0.158209 0.710021 1
0 0.156716 0.710021 1
0 0.156716 0.710021 1
0 0.156716 0.712154 1
0 0.156716 0.712154 1
0 0.155224 0.712154 1
0 0.155224 0.712154 1
0 0.152239 0.714286 1
0 0.152239 0.714286 1
0 0.152239 0.714286 1
0 0.152239 0.714286 1
0 0.150746 0.718550 1
0 0.147761 0.720682 1
0 0.147761 0.720682 1
0 0.146269 0.720682 1
0 0.146269 0.720682 1
0 0.146269 0.724947 1
0 0.146269 0.724947 1
0 0.144776 0.727079 1
0 0.144776 0.727079 1
0 0.143284 0.729211 1
0 0.143284 0.729211 1
0 0.141791 0.733475 1
0 0.140299 0.735608 1
0 0.140299 0.735608 1
0 0.140299 0.737740 1
0 0.140299 0.737740 1
0 0.140299 0.737740 1
0 0.140299 0.737740 1
0 0.140299 0.739872 1
0 0.140299 0.739872 1
0 0.138806 0.742004 1
0 0.138806 0.742004 1
0 0.138806 0.744136 1
0 0.138806 0.744136 1
0 0.138806 0.746269 1
0 0.138806 0.746269 1
0 0.138806 0.746269 1
0 0.138806 0.746269 1
0 0.137313 0.748401 1
0 0.137313 0.748401 1
0 0.137313 0.750533 1
0 0.137313 0.750533 1
0 0.137313 0.752665 1
0 0.137313 0.754797 1
0 0.137313 0.754797 1
0 0.137313 0.754797 1
0 0.137313 0.756930 1
0 0.137313 0.756930 1
0 0.137313 0.759062 1
0 0.137313 0.759062 1
0 0.137313 0.761194 1
0 0.137313 0.763326 1
0 0.137313 0.763326 1
0 0.138806 0.765458 1
0 0.138806 0.765458 1
0 0.138806 0.767591 1
0 0.138806 0.767591 1
0 0.140299 0.769723 1
0 0.140299 0.769723 1
0 0.140299 0.771855 1
0 0.140299 0.771855 1
0 0.141791 0.771855 1
0 0.141791 0.771855 1
0 0.143284 0.771855 1
0 0.144776 0.773987 1
0 0.146269 0.776119 1
0 0.146269 0.776119 1
0 0.146269 0.776119 1
0 0.146269 0.776119 1
0 0.149254 0.776119 1
0 0.150746 0.778252 1
0 0.150746 0.778252 1
0 0.152239 0.778252 1
0 0.152239 0.778252 1
0 0.152239 0.778252 1
0 0.152239 0.778252 1
0 0.155224 0.778252 1
0 0.155224 0.778252 1
0 0.156716 0.778252 1
0 0.156716 0.778252 1
0 0.158209 0.778252 1
0 0.158209 0.778252 1
0 0.158209 0.778252 1
0 0.158209 0.778252 1
0 0.159701 0.778252 1
0 0.159701 0.778252 1
0 0.161194 0.778252 1
0 0.162687 0.778252 1
0 0.162687 0.778252 1
0 0.164179 0.776119 1
0 0.164179 0.776119 1
0 0.164179 0.776119 1
0 0.164179 0.776119 1
0 0.165672 0.776119 1
0 0.165672 0.776119 1
0 0.167164 0.773987 1
0 0.167164 0.773987 1
0 0.168657 0.773987 1
0 0.168657 0.773987 1
0 0.170149 0.771855 1
0 0.170149 0.771855 1
0 0.170149 0.771855 1
0 0.171642 0.769723 1
0 0.171642 0.769723 1
0 0.173134 0.769723 1
0 0.173134 0.767591 1
0 0.173134 0.767591 1
0 0.174627 0.767591 1
0 0.174627 0.767591 1
0 0.174627 0.765458 1
0 0.174627 0.765458 1
0 0.174627 0.763326 1
0 0.174627 0.763326 1
0 0.176119 0.763326 1
0 0.176119 0.763326 1
0 0.176119 0.763326 1
0 0.176119 0.761194 1
0 0.176119 0.761194 1
0 0.177612 0.759062 1
0 0.177612 0.759062 1
0 0.179104 0.756930 1
0 0.179104 0.756930 1
0 0.179104 0.754797 1
0 0.179104 0.754797 1
0 0.182090 0.754797 1
0 0.182090 0.754797 1
0 0.182090 0.752665 1
0 0.182090 0.752665 1
0 0.182090 0.750533 1
0 0.182090 0.750533 1
0 0.183582 0.748401 1
0 0.183582 0.748401 1
0 0.183582 0.746269 1
0 0.183582 0.746269 1
0 0.186567 0.744136 1
0 0.186567 0.744136 1
0 0.188060 0.742004 1
0 0.188060 0.742004 1
0 0.188060 0.739872 1
0 0.189552 0.737740 1
0 0.189552 0.737740 1
0 0.189552 0.737740 1
0 0.189552 0.737740 1
0 0.191045 0.737740 1
0 0.191045 0.737740 1
0 0.191045 0.735608 1
0 0.191045 0.735608 1
0 0.191045 0.733475 1
0 0.191045 0.733475 1
0 0.191045 0.733475 0
1 0.835821 0.776119 0
0 0.834328 0.780384 1
0 0.834328 0.780384 1
0 0.834328 0.778252 1
0 0.834328 0.778252 1
0 0.834328 0.780384 1
0 0.834328 0.780384 1
0 0.834328 0.780384 1
0 0.834328 0.780384 1
0 0.835821 0.782516 1
0 0.835821 0.782516 1
0 0.835821 0.784648 1
0 0.835821 0.784648 1
0 0.837313 0.786780 1
0 0.837313 0.786780 1
0 0.838806 0.788913 1
0 0.840299 0.791045 1
0 0.840299 0.791045 1
0 0.841791 0.793177 1
0 0.841791 0.793177 1
0 0.843284 0.795309 1
0 0.843284 0.795309 1
0 0.844776 0.797441 1
0 0.844776 0.797441 1
0 0.844776 0.797441 1
0 0.844776 0.797441 1
0 0.847761 0.799574 1
0 0.847761 0.799574 1
0 0.849254 0.801706 1
0 0.849254 0.801706 1
0 0.850746 0.803838 1
0 0.850746 0.803838 1
0 0.850746 0.805970 1
0 0.850746 0.805970 1
0 0.852239 0.805970 1
0 0.853731 0.805970 1
0 0.853731 0.805970 1
0 0.853731 0.805970 1
0 0.855224 0.805970 1
0 0.855224 0.805970 1
0 0.855224 0.808102 1
0 0.855224 0.808102 1
0 0.856716 0.808102 1
0 0.856716 0.808102 1
0 0.856716 0.810235 1
0 0.858209 0.810235 1
0 0.858209 0.810235 1
0 0.859701 0.812367 1
0 0.859701 0.812367 1
0 0.861194 0.812367 1
0 0.861194 0.812367 1
0 0.862687 0.812367 1
0 0.862687 0.812367 1
0 0.862687 0.814499 1
0 0.862687 0.814499 1
0 0.864179 0.814499 1
0 0.864179 0.814499 1
0 0.865672 0.814499 1
0 0.867164 0.814499 1
0 0.867164 0.814499 1
0 0.868657 0.814499 1
0 0.868657 0.814499 1
0 0.870149 0.814499 1
0 0.870149 0.814499 1
0 0.871642 0.814499 1
0 0.871642 0.814499 1
0 0.873134 0.814499 1
0 0.873134 0.814499 1
0 0.874627 0.814499 1
0 0.874627 0.814499 1
0 0.874627 0.814499 1
0 0.876119 0.814499 1
0 0.876119 0.814499 1
0 0.876119 0.812367 1
0 0.876119 0.812367 1
0 0.879104 0.812367 1
0 0.879104 0.812367 1
0 0.879104 0.810235 1
0 0.879104 0.810235 1
0 0.880597 0.808102 1
0 0.880597 0.808102 1
0 0.880597 0.808102 1
0 0.880597 0.808102 1
0 0.880597 0.805970 1
0 0.880597 0.805970 1
0 0.882090 0.805970 1
0 0.882090 0.805970 1
0 0.883582 0.801706 1
0 0.883582 0.799574 1
0 0.883582 0.799574 1
0 0.883582 0.799574 1
0 0.883582 0.797441 1
0 0.883582 0.797441 1
0 0.885075 0.793177 1
0 0.885075 0.788913 1
0 0.885075 0.788913 1
0 0.885075 0.788913 1
0 0.885075 0.788913 1
0 0.885075 0.786780 1
0 0.885075 0.786780 1
0 0.885075 0.784648 1
0 0.885075 0.784648 1
0 0.885075 0.782516 1
0 0.885075 0.782516 1
0 0.885075 0.780384 1
0 0.885075 0.780384 1
0 0.885075 0.780384 1
0 0.885075 0.778252 1
0 0.885075 0.778252 1
0 0.885075 0.776119 1
0 0.885075 0.771855 1
0 0.885075 0.771855 1
0 0.885075 0.771855 1
0 0.885075 0.771855 1
0 0.885075 0.769723 1
0 0.883582 0.767591 1
0 0.883582 0.767591 1
0 0.883582 0.767591 1
0 0.883582 0.763326 1
0 0.880597 0.761194 1
0 0.880597 0.761194 1
0 0.880597 0.761194 1
0 0.880597 0.759062 1
0 0.880597 0.759062 1
0 0.880597 0.756930 1
0 0.879104 0.754797 1
0 0.879104 0.754797 1
0 0.879104 0.754797 1
0 0.879104 0.754797 1
0 0.876119 0.752665 1
0 0.876119 0.752665 1
0 0.874627 0.752665 1
0 0.874627 0.750533 1
0 0.874627 0.750533 1
0 0.871642 0.748401 1
0 0.871642 0.748401 1
0 0.870149 0.748401 1
0 0.870149 0.748401 1
0 0.868657 0.746269 1
0 0.868657 0.746269 1
0 0.868657 0.746269 1
0 0.868657 0.746269 1
0 0.867164 0.746269 1
0 0.867164 0.746269 1
0 0.865672 0.744136 1
0 0.865672 0.744136 1
0 0.864179 0.744136 1
0 0.864179 0.744136 1
0 0.862687 0.742004 1
0 0.862687 0.739872 1
0 0.862687 0.739872 1
0 0.862687 0.739872 1
0 0.862687 0.739872 1
0 0.865672 0.739872 1
0 0.865672 0.739872 1
0 0.867164 0.739872 1
0 0.868657 0.737740 1
0 0.868657 0.737740 1
0 0.868657 0.737740 1
0 0.870149 0.737740 1
0 0.870149 0.737740 1
0 0.871642 0.737740 1
0 0.871642 0.737740 1
0 0.871642 0.737740 1
0 0.873134 0.737740 1
0 0.873134 0.737740 1
0 0.874627 0.735608 1
0 0.874627 0.733475 1
0 0.874627 0.733475 1
0 0.874627 0.731343 1
0 0.874627 0.731343 1
0 0.876119 0.731343 1
0 0.876119 0.729211 1
0 0.876119 0.729211 1
0 0.876119 0.729211 1
0 0.876119 0.729211 1
0 0.877612 0.727079 1
0 0.877612 0.727079 1
0 0.877612 0.724947 1
0 0.877612 0.724947 1
0 0.879104 0.720682 1
0 0.879104 0.720682 1
0 0.879104 0.720682 1
0 0.879104 0.718550 1
0 0.879104 0.718550 1
0 0.877612 0.716418 1
0 0.877612 0.716418 1
0 0.876119 0.714286 1
0 0.876119 0.714286 1
0 0.876119 0.712154 1
0 0.874627 0.712154 1
0 0.874627 0.712154 1
0 0.874627 0.710021 1
0 0.874627 0.707889 1
0 0.874627 0.707889 1
0 0.873134 0.707889 1
0 0.873134 0.707889 1
0 0.871642 0.705757 1
0 0.868657 0.703625 1
0 0.868657 0.703625 1
0 0.867164 0.703625 1
0 0.865672 0.703625 1
0 0.865672 0.703625 1
0 0.862687 0.701493 1
0 0.862687 0.701493 1
0 0.862687 0.699360 1
0 0.862687 0.699360 1
0 0.861194 0.699360 1
0 0.861194 0.699360 1
0 0.858209 0.699360 1
0 0.858209 0.697228 1
0 0.858209 0.697228 1
0 0.856716 0.697228 1
0 0.856716 0.697228 1
0 0.855224 0.695096 1
0 0.855224 0.695096 1
0 0.853731 0.695096 1
0 0.852239 0.695096 1
0 0.852239 0.695096 1
0 0.852239 0.695096 0
