1 0.210417 0.657738 0
0 0.231250 0.663690 1
0 0.244792 0.666667 1
0 0.259375 0.671131 1
0 0.277083 0.674107 1
0 0.283333 0.677083 1
0 0.289583 0.678571 1
0 0.300000 0.683036 1
0 0.304167 0.684524 1
0 0.309375 0.686012 1
0 0.314583 0.688988 1
0 0.320833 0.690476 1
0 0.323958 0.691964 1
0 0.325000 0.691964 1
0 0.323958 0.691964 1
0 0.322917 0.691964 1
0 0.322917 0.691964 1
0 0.323958 0.691964 1
0 0.325000 0.691964 1
0 0.326042 0.691964 1
0 0.328125 0.691964 1
0 0.329167 0.691964 1
0 0.331250 0.691964 1
0 0.333333 0.691964 1
0 0.334375 0.691964 1
0 0.336458 0.691964 1
0 0.338542 0.691964 1
0 0.339583 0.691964 1
0 0.341667 0.690476 1
0 0.343750 0.690476 1
0 0.344792 0.690476 1
0 0.345833 0.688988 1
0 0.347917 0.688988 1
0 0.344792 0.688988 1
0 0.336458 0.686012 1
0 0.331250 0.684524 1
0 0.323958 0.683036 1
0 0.323958 0.683036 1
0 0.319792 0.681548 1
0 0.319792 0.681548 0
1 0.240625 0.712798 0
0 0.242708 0.702381 1
0 0.242708 0.691964 1
0 0.243750 0.674107 1
0 0.243750 0.666667 1
0 0.243750 0.638393 1
0 0.242708 0.625000 1
0 0.242708 0.617560 1
0 0.244792 0.611607 1
0 0.245833 0.608631 1
0 0.247917 0.608631 1
0 0.250000 0.610119 1
0 0.251042 0.613095 1
0 0.251042 0.613095 0
1 0.277083 0.727679 0
0 0.282292 0.720238 1
0 0.282292 0.717262 1
0 0.283333 0.712798 1
0 0.284375 0.708333 1
0 0.284375 0.700893 1
0 0.284375 0.690476 1
0 0.285417 0.680060 1
0 0.285417 0.666667 1
0 0.285417 0.647321 1
0 0.285417 0.641369 1
0 0.285417 0.629464 1
0 0.285417 0.625000 1
0 0.284375 0.619048 1
0 0.284375 0.610119 1
0 0.284375 0.605655 1
0 0.284375 0.602679 1
0 0.282292 0.595238 1
0 0.282292 0.595238 0
1 0.202083 0.586310 0
0 0.212500 0.580357 1
0 0.219792 0.574405 1
0 0.228125 0.568452 1
0 0.230208 0.562500 1
0 0.232292 0.562500 1
0 0.232292 0.562500 1
0 0.233333 0.561012 1
0 0.232292 0.559524 1
0 0.232292 0.558036 1
0 0.230208 0.556548 1
0 0.229167 0.555060 1
0 0.229167 0.555060 0
1 0.183333 0.504464 0
0 0.188542 0.501488 1
0 0.191667 0.500000 1
0 0.195833 0.498512 1
0 0.196875 0.497024 1
0 0.198958 0.497024 1
0 0.203125 0.495536 1
0 0.204167 0.495536 1
0 0.205208 0.494048 1
0 0.208333 0.494048 1
0 0.210417 0.494048 1
0 0.210417 0.491071 1
0 0.212500 0.491071 1
0 0.213542 0.491071 1
0 0.214583 0.489583 1
0 0.214583 0.486607 1
0 0.213542 0.482143 1
0 0.213542 0.482143 0
1 0.197917 0.382440 0
0 0.195833 0.373512 1
0 0.196875 0.361607 1
0 0.201042 0.352679 1
0 0.201042 0.349702 1
0 0.203125 0.346726 1
0 0.203125 0.343750 1
0 0.203125 0.342262 1
0 0.204167 0.339286 1
0 0.204167 0.337798 1
0 0.204167 0.336310 1
0 0.204167 0.333333 1
0 0.204167 0.336310 1
0 0.205208 0.339286 1
0 0.208333 0.358631 1
0 0.212500 0.379464 1
0 0.218750 0.412202 1
0 0.228125 0.449405 1
0 0.237500 0.477679 1
0 0.240625 0.486607 1
0 0.240625 0.486607 0
1 0.259375 0.502976 0
0 0.264583 0.511905 1
0 0.270833 0.520833 1
0 0.278125 0.529762 1
0 0.285417 0.537202 1
0 0.292708 0.543155 1
0 0.298958 0.547619 1
0 0.302083 0.550595 1
0 0.305208 0.550595 1
0 0.306250 0.550595 1
0 0.308333 0.552083 1
0 0.309375 0.552083 1
0 0.311458 0.552083 1
0 0.313542 0.553571 1
0 0.314583 0.553571 1
0 0.316667 0.553571 1
0 0.318750 0.553571 1
0 0.321875 0.553571 1
0 0.323958 0.553571 1
0 0.326042 0.553571 1
0 0.327083 0.553571 1
0 0.327083 0.552083 1
0 0.327083 0.550595 1
0 0.327083 0.547619 1
0 0.327083 0.543155 1
0 0.327083 0.534226 1
0 0.323958 0.522321 1
0 0.321875 0.504464 1
0 0.319792 0.491071 1
0 0.317708 0.480655 1
0 0.314583 0.462798 1
0 0.311458 0.446429 1
0 0.309375 0.434524 1
0 0.309375 0.428571 1
0 0.308333 0.424107 1
0 0.308333 0.422619 1
0 0.307292 0.422619 1
0 0.306250 0.422619 1
0 0.304167 0.427083 1
0 0.302083 0.430060 1
0 0.301042 0.434524 1
0 0.300000 0.437500 1
0 0.296875 0.444940 1
0 0.295833 0.447917 1
0 0.294792 0.452381 1
0 0.291667 0.462798 1
0 0.291667 0.462798 0
1 0.264583 0.543155 0
0 0.264583 0.549107 1
0 0.265625 0.546131 1
0 0.265625 0.543155 1
0 0.266667 0.538690 1
0 0.266667 0.534226 1
0 0.266667 0.532738 1
0 0.266667 0.523810 1
0 0.266667 0.520833 1
0 0.266667 0.510417 1
0 0.266667 0.504464 1
0 0.266667 0.497024 1
0 0.265625 0.486607 1
0 0.265625 0.476190 1
0 0.265625 0.467262 1
0 0.265625 0.462798 1
0 0.265625 0.453869 1
0 0.265625 0.436012 1
0 0.265625 0.427083 1
0 0.265625 0.419643 1
0 0.265625 0.412202 1
0 0.265625 0.409226 1
0 0.265625 0.403274 1
0 0.265625 0.398810 1
0 0.265625 0.394345 1
0 0.265625 0.389881 1
0 0.265625 0.386905 1
0 0.265625 0.383929 1
0 0.265625 0.380952 1
0 0.265625 0.377976 1
0 0.265625 0.375000 1
0 0.265625 0.373512 1
0 0.265625 0.369048 1
0 0.265625 0.367560 1
0 0.265625 0.364583 1
0 0.265625 0.361607 1
0 0.265625 0.361607 1
0 0.266667 0.361607 1
0 0.266667 0.360119 1
0 0.267708 0.358631 1
0 0.267708 0.357143 1
0 0.268750 0.355655 1
0 0.268750 0.354167 1
0 0.269792 0.352679 1
0 0.269792 0.351190 1
0 0.270833 0.351190 1
0 0.271875 0.349702 1
0 0.273958 0.346726 1
0 0.275000 0.346726 1
0 0.277083 0.345238 1
0 0.283333 0.339286 1
0 0.287500 0.337798 1
0 0.288542 0.337798 1
0 0.289583 0.336310 1
0 0.294792 0.336310 1
0 0.298958 0.333333 1
0 0.303125 0.333333 1
0 0.314583 0.339286 1
0 0.318750 0.340774 1
0 0.325000 0.342262 1
0 0.331250 0.345238 1
0 0.335417 0.346726 1
0 0.339583 0.349702 1
0 0.344792 0.351190 1
0 0.350000 0.352679 1
0 0.353125 0.354167 1
0 0.357292 0.354167 1
0 0.360417 0.355655 1
0 0.362500 0.355655 1
0 0.365625 0.355655 1
0 0.367708 0.355655 1
0 0.370833 0.355655 1
0 0.370833 0.355655 1
0 0.372917 0.355655 1
0 0.375000 0.355655 1
0 0.376042 0.354167 1
0 0.376042 0.355655 1
0 0.376042 0.361607 1
0 0.375000 0.370536 1
0 0.375000 0.380952 1
0 0.370833 0.400298 1
0 0.370833 0.412202 1
0 0.368750 0.427083 1
0 0.368750 0.427083 0
1 0.461458 0.675595 0
0 0.457292 0.681548 1
0 0.457292 0.680060 1
0 0.461458 0.677083 1
0 0.463542 0.672619 1
0 0.466667 0.666667 1
0 0.468750 0.665179 1
0 0.469792 0.662202 1
0 0.475000 0.657738 1
0 0.477083 0.654762 1
0 0.480208 0.651786 1
0 0.483333 0.645833 1
0 0.486458 0.644345 1
0 0.488542 0.641369 1
0 0.489583 0.638393 1
0 0.490625 0.636905 1
0 0.490625 0.635417 1
0 0.489583 0.635417 1
0 0.488542 0.635417 1
0 0.486458 0.635417 1
0 0.484375 0.633929 1
0 0.482292 0.633929 1
0 0.480208 0.633929 1
0 0.477083 0.633929 1
0 0.476042 0.633929 1
0 0.473958 0.632440 1
0 0.469792 0.630952 1
0 0.468750 0.629464 1
0 0.468750 0.629464 0
1 0.415625 0.575893 0
0 0.420833 0.580357 1
0 0.426042 0.581845 1
0 0.429167 0.581845 1
0 0.432292 0.583333 1
0 0.447917 0.587798 1
0 0.455208 0.589286 1
0 0.484375 0.598214 1
0 0.500000 0.604167 1
0 0.506250 0.604167 1
0 0.511458 0.607143 1
0 0.521875 0.610119 1
0 0.529167 0.611607 1
0 0.535417 0.613095 1
0 0.537500 0.613095 1
0 0.539583 0.613095 1
0 0.543750 0.613095 1
0 0.544792 0.613095 1
0 0.543750 0.611607 1
0 0.542708 0.610119 1
0 0.541667 0.610119 1
0 0.538542 0.607143 1
0 0.536458 0.607143 1
0 0.529167 0.602679 1
0 0.529167 0.602679 0
1 0.463542 0.562500 0
0 0.464583 0.555060 1
0 0.464583 0.553571 1
0 0.466667 0.547619 1
0 0.466667 0.546131 1
0 0.467708 0.540179 1
0 0.467708 0.537202 1
0 0.467708 0.532738 1
0 0.467708 0.529762 1
0 0.467708 0.526786 1
0 0.466667 0.514881 1
0 0.465625 0.510417 1
0 0.465625 0.502976 1
0 0.465625 0.495536 1
0 0.465625 0.488095 1
0 0.465625 0.480655 1
0 0.465625 0.476190 1
0 0.465625 0.471726 1
0 0.465625 0.462798 1
0 0.465625 0.455357 1
0 0.465625 0.444940 1
0 0.465625 0.440476 1
0 0.465625 0.437500 1
0 0.465625 0.427083 1
0 0.465625 0.419643 1
0 0.465625 0.412202 1
0 0.465625 0.407738 1
0 0.464583 0.404762 1
0 0.464583 0.394345 1
0 0.464583 0.391369 1
0 0.461458 0.369048 1
0 0.461458 0.367560 1
0 0.459375 0.357143 1
0 0.455208 0.349702 1
0 0.455208 0.348214 1
0 0.454167 0.346726 1
0 0.453125 0.349702 1
0 0.453125 0.351190 1
0 0.453125 0.354167 1
0 0.453125 0.354167 0
1 0.493750 0.572917 0
0 0.500000 0.569940 1
0 0.502083 0.566964 1
0 0.504167 0.559524 1
0 0.504167 0.555060 1
0 0.504167 0.550595 1
0 0.504167 0.549107 1
0 0.504167 0.547619 1
0 0.504167 0.543155 1
0 0.504167 0.540179 1
0 0.504167 0.538690 1
0 0.504167 0.532738 1
0 0.504167 0.531250 1
0 0.503125 0.528274 1
0 0.503125 0.522321 1
0 0.503125 0.516369 1
0 0.504167 0.511905 1
0 0.504167 0.504464 1
0 0.505208 0.498512 1
0 0.505208 0.497024 1
0 0.506250 0.494048 1
0 0.506250 0.488095 1
0 0.507292 0.483631 1
0 0.507292 0.482143 1
0 0.507292 0.476190 1
0 0.507292 0.473214 1
0 0.507292 0.470238 1
0 0.507292 0.462798 1
0 0.507292 0.458333 1
0 0.508333 0.453869 1
0 0.508333 0.447917 1
0 0.509375 0.440476 1
0 0.509375 0.434524 1
0 0.509375 0.431548 1
0 0.509375 0.427083 1
0 0.510417 0.424107 1
0 0.510417 0.419643 1
0 0.510417 0.416667 1
0 0.510417 0.412202 1
0 0.510417 0.412202 1
0 0.510417 0.410714 1
0 0.511458 0.407738 1
0 0.511458 0.404762 1
0 0.511458 0.401786 1
0 0.511458 0.400298 1
0 0.511458 0.398810 1
0 0.511458 0.395833 1
0 0.511458 0.394345 1
0 0.512500 0.391369 1
0 0.512500 0.388393 1
0 0.512500 0.386905 1
0 0.512500 0.385417 1
0 0.512500 0.382440 1
0 0.512500 0.380952 1
0 0.512500 0.377976 1
0 0.512500 0.376488 1
0 0.512500 0.375000 1
0 0.512500 0.373512 1
0 0.512500 0.370536 1
0 0.512500 0.367560 1
0 0.512500 0.366071 1
0 0.512500 0.364583 1
0 0.512500 0.361607 1
0 0.512500 0.360119 1
0 0.512500 0.358631 1
0 0.511458 0.352679 1
0 0.511458 0.351190 1
0 0.511458 0.349702 1
0 0.511458 0.348214 1
0 0.511458 0.346726 1
0 0.511458 0.345238 1
0 0.510417 0.343750 1
0 0.509375 0.343750 1
0 0.507292 0.343750 1
0 0.505208 0.345238 1
0 0.502083 0.348214 1
0 0.500000 0.351190 1
0 0.497917 0.354167 1
0 0.492708 0.361607 1
0 0.486458 0.376488 1
0 0.486458 0.376488 0
1 0.431250 0.517857 0
0 0.430208 0.523810 1
0 0.428125 0.520833 1
0 0.428125 0.519345 1
0 0.427083 0.511905 1
0 0.425000 0.501488 1
0 0.423958 0.488095 1
0 0.423958 0.480655 1
0 0.422917 0.473214 1
0 0.422917 0.443452 1
0 0.421875 0.424107 1
0 0.421875 0.418155 1
0 0.421875 0.416667 1
0 0.421875 0.415179 1
0 0.421875 0.412202 1
0 0.421875 0.415179 1
0 0.422917 0.416667 1
0 0.422917 0.416667 0
1 0.531250 0.519345 0
0 0.535417 0.504464 1
0 0.538542 0.498512 1
0 0.541667 0.494048 1
0 0.546875 0.483631 1
0 0.550000 0.480655 1
0 0.552083 0.476190 1
0 0.556250 0.470238 1
0 0.557292 0.467262 1
0 0.558333 0.465774 1
0 0.558333 0.464286 1
0 0.558333 0.462798 1
0 0.557292 0.462798 1
0 0.556250 0.462798 1
0 0.555208 0.464286 1
0 0.555208 0.464286 0
1 0.623958 0.677083 0
0 0.623958 0.688988 1
0 0.625000 0.688988 1
0 0.625000 0.687500 1
0 0.625000 0.684524 1
0 0.625000 0.677083 1
0 0.625000 0.671131 1
0 0.625000 0.665179 1
0 0.622917 0.648810 1
0 0.620833 0.629464 1
0 0.617708 0.607143 1
0 0.613542 0.581845 1
0 0.611458 0.572917 1
0 0.608333 0.555060 1
0 0.607292 0.547619 1
0 0.604167 0.525298 1
0 0.604167 0.519345 1
0 0.604167 0.517857 1
0 0.602083 0.514881 1
0 0.602083 0.511905 1
0 0.601042 0.511905 1
0 0.600000 0.511905 1
0 0.600000 0.514881 1
0 0.600000 0.516369 1
0 0.601042 0.516369 1
0 0.602083 0.516369 1
0 0.604167 0.511905 1
0 0.610417 0.491071 1
0 0.618750 0.465774 1
0 0.623958 0.452381 1
0 0.628125 0.437500 1
0 0.630208 0.433036 1
0 0.633333 0.427083 1
0 0.635417 0.416667 1
0 0.637500 0.412202 1
0 0.638542 0.407738 1
0 0.640625 0.401786 1
0 0.641667 0.398810 1
0 0.642708 0.395833 1
0 0.642708 0.391369 1
0 0.643750 0.389881 1
0 0.643750 0.388393 1
0 0.643750 0.389881 1
0 0.642708 0.391369 1
0 0.642708 0.394345 1
0 0.640625 0.398810 1
0 0.640625 0.401786 1
0 0.640625 0.401786 0
1 0.635417 0.595238 0
0 0.633333 0.604167 1
0 0.633333 0.605655 1
0 0.633333 0.607143 1
0 0.633333 0.605655 1
0 0.633333 0.604167 1
0 0.633333 0.599702 1
0 0.633333 0.598214 1
0 0.633333 0.596726 1
0 0.633333 0.589286 1
0 0.633333 0.586310 1
0 0.633333 0.581845 1
0 0.633333 0.575893 1
0 0.633333 0.565476 1
0 0.633333 0.553571 1
0 0.633333 0.547619 1
0 0.632292 0.540179 1
0 0.631250 0.523810 1
0 0.631250 0.514881 1
0 0.630208 0.504464 1
0 0.629167 0.486607 1
0 0.627083 0.465774 1
0 0.623958 0.444940 1
0 0.622917 0.437500 1
0 0.620833 0.430060 1
0 0.618750 0.416667 1
0 0.616667 0.409226 1
0 0.615625 0.401786 1
0 0.608333 0.385417 1
0 0.606250 0.379464 1
0 0.604167 0.377976 1
0 0.604167 0.377976 1
0 0.601042 0.377976 1
0 0.598958 0.379464 1
0 0.597917 0.380952 1
0 0.595833 0.385417 1
0 0.593750 0.388393 1
0 0.593750 0.391369 1
0 0.593750 0.391369 0
1 0.563542 0.489583 0
0 0.568750 0.494048 1
0 0.573958 0.502976 1
0 0.578125 0.508929 1
0 0.582292 0.514881 1
0 0.592708 0.531250 1
0 0.597917 0.540179 1
0 0.604167 0.547619 1
0 0.615625 0.561012 1
0 0.626042 0.571429 1
0 0.635417 0.580357 1
0 0.640625 0.583333 1
0 0.640625 0.583333 0
1 0.692708 0.732143 0
0 0.698958 0.732143 1
0 0.701042 0.730655 1
0 0.703125 0.729167 1
0 0.704167 0.726190 1
0 0.702083 0.726190 1
0 0.697917 0.724702 1
0 0.694792 0.723214 1
0 0.690625 0.720238 1
0 0.680208 0.715774 1
0 0.675000 0.712798 1
0 0.669792 0.709821 1
0 0.665625 0.705357 1
0 0.665625 0.705357 0
1 0.655208 0.688988 0
0 0.658333 0.677083 1
0 0.660417 0.669643 1
0 0.661458 0.660714 1
0 0.662500 0.650298 1
0 0.664583 0.639881 1
0 0.665625 0.630952 1
0 0.665625 0.623512 1
0 0.666667 0.617560 1
0 0.666667 0.613095 1
0 0.666667 0.610119 1
0 0.667708 0.607143 1
0 0.667708 0.608631 1
0 0.667708 0.610119 1
0 0.668750 0.613095 1
0 0.668750 0.617560 1
0 0.669792 0.619048 1
0 0.669792 0.619048 0
1 0.682292 0.678571 0
0 0.684375 0.671131 1
0 0.686458 0.660714 1
0 0.688542 0.656250 1
0 0.688542 0.653274 1
0 0.688542 0.651786 1
0 0.688542 0.647321 1
0 0.688542 0.645833 1
0 0.688542 0.644345 1
0 0.690625 0.641369 1
0 0.690625 0.639881 1
0 0.692708 0.639881 1
0 0.693750 0.639881 1
0 0.694792 0.641369 1
0 0.697917 0.645833 1
0 0.697917 0.645833 0
1 0.716667 0.678571 0
0 0.719792 0.684524 1
0 0.721875 0.687500 1
0 0.723958 0.688988 1
0 0.725000 0.688988 1
0 0.725000 0.687500 1
0 0.723958 0.686012 1
0 0.722917 0.684524 1
0 0.720833 0.680060 1
0 0.719792 0.677083 1
0 0.717708 0.674107 1
0 0.714583 0.666667 1
0 0.712500 0.663690 1
0 0.710417 0.659226 1
0 0.704167 0.647321 1
0 0.701042 0.641369 1
0 0.694792 0.630952 1
0 0.692708 0.625000 1
0 0.688542 0.619048 1
0 0.677083 0.596726 1
0 0.675000 0.593750 1
0 0.675000 0.593750 0
1 0.648958 0.565476 0
0 0.655208 0.571429 1
0 0.663542 0.575893 1
0 0.675000 0.583333 1
0 0.686458 0.590774 1
0 0.705208 0.604167 1
0 0.709375 0.607143 1
0 0.712500 0.608631 1
0 0.717708 0.610119 1
0 0.721875 0.613095 1
0 0.723958 0.613095 1
0 0.721875 0.611607 1
0 0.718750 0.608631 1
0 0.714583 0.604167 1
0 0.712500 0.599702 1
0 0.710417 0.596726 1
0 0.705208 0.590774 1
0 0.705208 0.590774 0
1 0.633333 0.501488 0
0 0.643750 0.505952 1
0 0.661458 0.519345 1
0 0.677083 0.531250 1
0 0.691667 0.541667 1
0 0.696875 0.546131 1
0 0.703125 0.549107 1
0 0.712500 0.555060 1
0 0.717708 0.559524 1
0 0.721875 0.561012 1
0 0.723958 0.562500 1
0 0.725000 0.562500 1
0 0.726042 0.565476 1
0 0.726042 0.566964 1
0 0.725000 0.566964 1
0 0.721875 0.566964 1
0 0.720833 0.566964 1
0 0.719792 0.566964 1
0 0.716667 0.566964 1
0 0.716667 0.566964 0
1 0.695833 0.571429 0
0 0.690625 0.572917 1
0 0.688542 0.574405 1
0 0.686458 0.572917 1
0 0.686458 0.571429 1
0 0.686458 0.569940 1
0 0.686458 0.562500 1
0 0.686458 0.561012 1
0 0.686458 0.558036 1
0 0.684375 0.547619 1
0 0.682292 0.540179 1
0 0.680208 0.532738 1
0 0.677083 0.514881 1
0 0.669792 0.494048 1
0 0.658333 0.453869 1
0 0.653125 0.434524 1
0 0.650000 0.428571 1
0 0.648958 0.421131 1
0 0.645833 0.409226 1
0 0.644792 0.404762 1
0 0.643750 0.398810 1
0 0.642708 0.392857 1
0 0.642708 0.391369 1
0 0.642708 0.388393 1
0 0.643750 0.391369 1
0 0.645833 0.394345 1
0 0.645833 0.394345 0
1 0.666667 0.453869 0
0 0.668750 0.459821 1
0 0.671875 0.467262 1
0 0.673958 0.470238 1
0 0.677083 0.474702 1
0 0.682292 0.482143 1
0 0.686458 0.483631 1
0 0.688542 0.489583 1
0 0.694792 0.497024 1
0 0.697917 0.501488 1
0 0.701042 0.504464 1
0 0.707292 0.510417 1
0 0.710417 0.511905 1
0 0.713542 0.514881 1
0 0.716667 0.519345 1
0 0.718750 0.519345 1
0 0.719792 0.520833 1
0 0.721875 0.522321 1
0 0.722917 0.522321 1
0 0.723958 0.522321 1
0 0.725000 0.522321 1
0 0.725000 0.520833 1
0 0.725000 0.519345 1
0 0.725000 0.517857 1
0 0.725000 0.516369 1
0 0.723958 0.514881 1
0 0.722917 0.514881 1
0 0.721875 0.511905 1
0 0.721875 0.511905 1
0 0.720833 0.508929 1
0 0.719792 0.507440 1
0 0.719792 0.504464 1
0 0.718750 0.502976 1
0 0.715625 0.494048 1
0 0.714583 0.489583 1
0 0.703125 0.444940 1
0 0.698958 0.428571 1
0 0.690625 0.401786 1
0 0.684375 0.389881 1
0 0.680208 0.379464 1
0 0.676042 0.370536 1
0 0.668750 0.358631 1
0 0.667708 0.357143 1
0 0.665625 0.357143 1
0 0.663542 0.358631 1
0 0.663542 0.358631 0
1 0.668750 0.501488 0
0 0.667708 0.508929 1
0 0.668750 0.507440 1
0 0.668750 0.505952 1
0 0.669792 0.504464 1
0 0.670833 0.501488 1
0 0.671875 0.500000 1
0 0.672917 0.497024 1
0 0.673958 0.491071 1
0 0.675000 0.486607 1
0 0.677083 0.480655 1
0 0.677083 0.476190 1
0 0.678125 0.473214 1
0 0.680208 0.467262 1
0 0.682292 0.462798 1
0 0.682292 0.459821 1
0 0.686458 0.452381 1
0 0.688542 0.446429 1
0 0.690625 0.438988 1
0 0.692708 0.433036 1
0 0.695833 0.427083 1
0 0.696875 0.424107 1
0 0.697917 0.421131 1
0 0.700000 0.415179 1
0 0.701042 0.412202 1
0 0.702083 0.409226 1
0 0.705208 0.395833 1
0 0.706250 0.391369 1
0 0.707292 0.388393 1
0 0.708333 0.385417 1
0 0.709375 0.380952 1
0 0.710417 0.377976 1
0 0.711458 0.376488 1
0 0.712500 0.373512 1
0 0.712500 0.370536 1
0 0.713542 0.370536 1
0 0.714583 0.367560 1
0 0.715625 0.366071 1
0 0.715625 0.361607 1
0 0.716667 0.361607 1
0 0.718750 0.358631 1
0 0.719792 0.355655 1
0 0.721875 0.352679 1
0 0.722917 0.349702 1
0 0.723958 0.349702 1
0 0.725000 0.348214 1
0 0.727083 0.346726 1
0 0.728125 0.343750 1
0 0.729167 0.342262 1
0 0.730208 0.340774 1
0 0.731250 0.339286 1
0 0.732292 0.337798 1
0 0.733333 0.336310 1
0 0.734375 0.336310 1
0 0.735417 0.333333 1
0 0.736458 0.331845 1
0 0.738542 0.330357 1
0 0.739583 0.328869 1
0 0.741667 0.325893 1
0 0.742708 0.324405 1
0 0.743750 0.324405 1
0 0.745833 0.321429 1
0 0.746875 0.319940 1
0 0.746875 0.318452 1
0 0.748958 0.315476 1
0 0.750000 0.313988 1
0 0.752083 0.313988 1
0 0.754167 0.309524 1
0 0.756250 0.306548 1
0 0.760417 0.303571 1
0 0.763542 0.300595 1
0 0.767708 0.296131 1
0 0.769792 0.294643 1
0 0.771875 0.293155 1
0 0.775000 0.288690 1
0 0.777083 0.285714 1
0 0.779167 0.282738 1
0 0.781250 0.279762 1
0 0.783333 0.275298 1
0 0.785417 0.273810 1
0 0.788542 0.269345 1
0 0.788542 0.269345 0
