1 0.201042 0.724702 0
0 0.209375 0.726190 1
0 0.215625 0.727679 1
0 0.219792 0.727679 1
0 0.225000 0.729167 1
0 0.238542 0.733631 1
0 0.252083 0.736607 1
0 0.264583 0.741071 1
0 0.271875 0.742560 1
0 0.277083 0.745536 1
0 0.285417 0.748512 1
0 0.291667 0.751488 1
0 0.298958 0.752976 1
0 0.302083 0.754464 1
0 0.304167 0.754464 1
0 0.305208 0.754464 1
0 0.305208 0.752976 1
0 0.305208 0.751488 1
0 0.302083 0.748512 1
0 0.302083 0.748512 1
0 0.301042 0.748512 1
0 0.298958 0.747024 1
0 0.296875 0.745536 1
0 0.296875 0.744048 1
0 0.295833 0.744048 1
0 0.293750 0.744048 1
0 0.292708 0.744048 1
0 0.291667 0.744048 1
0 0.288542 0.744048 1
0 0.284375 0.742560 1
0 0.282292 0.742560 1
0 0.280208 0.741071 1
0 0.278125 0.741071 1
0 0.276042 0.741071 1
0 0.276042 0.741071 0
1 0.221875 0.764881 0
0 0.221875 0.754464 1
0 0.221875 0.754464 1
0 0.222917 0.747024 1
0 0.223958 0.735119 1
0 0.223958 0.735119 1
0 0.225000 0.723214 1
0 0.225000 0.715774 1
0 0.225000 0.709821 1
0 0.225000 0.709821 1
0 0.226042 0.699405 1
0 0.226042 0.690476 1
0 0.226042 0.690476 1
0 0.227083 0.684524 1
0 0.227083 0.681548 1
0 0.227083 0.680060 1
0 0.228125 0.677083 1
0 0.229167 0.677083 1
0 0.230208 0.680060 1
0 0.231250 0.681548 1
0 0.231250 0.681548 0
1 0.257292 0.808036 0
0 0.262500 0.802083 1
0 0.263542 0.796131 1
0 0.264583 0.787202 1
0 0.264583 0.778274 1
0 0.264583 0.766369 1
0 0.264583 0.754464 1
0 0.262500 0.738095 1
0 0.261458 0.730655 1
0 0.259375 0.723214 1
0 0.257292 0.709821 1
0 0.255208 0.694940 1
0 0.252083 0.686012 1
0 0.251042 0.681548 1
0 0.250000 0.678571 1
0 0.247917 0.672619 1
0 0.246875 0.671131 1
0 0.245833 0.669643 1
0 0.245833 0.669643 0
1 0.118750 0.627976 0
0 0.126042 0.630952 1
0 0.128125 0.630952 1
0 0.130208 0.630952 1
0 0.135417 0.632440 1
0 0.139583 0.633929 1
0 0.143750 0.635417 1
0 0.151042 0.638393 1
0 0.156250 0.638393 1
0 0.162500 0.641369 1
0 0.173958 0.644345 1
0 0.180208 0.645833 1
0 0.185417 0.647321 1
0 0.197917 0.650298 1
0 0.205208 0.651786 1
0 0.210417 0.653274 1
0 0.220833 0.654762 1
0 0.227083 0.656250 1
0 0.232292 0.657738 1
0 0.243750 0.660714 1
0 0.247917 0.662202 1
0 0.252083 0.663690 1
0 0.271875 0.668155 1
0 0.280208 0.671131 1
0 0.284375 0.671131 1
0 0.288542 0.672619 1
0 0.296875 0.674107 1
0 0.300000 0.674107 1
0 0.303125 0.675595 1
0 0.309375 0.675595 1
0 0.311458 0.675595 1
0 0.314583 0.677083 1
0 0.318750 0.677083 1
0 0.320833 0.677083 1
0 0.322917 0.677083 1
0 0.326042 0.677083 1
0 0.329167 0.677083 1
0 0.331250 0.675595 1
0 0.333333 0.675595 1
0 0.334375 0.674107 1
0 0.335417 0.674107 1
0 0.336458 0.674107 1
0 0.337500 0.674107 1
0 0.337500 0.672619 1
0 0.338542 0.672619 1
0 0.338542 0.671131 1
0 0.339583 0.671131 1
0 0.340625 0.671131 1
0 0.341667 0.669643 1
0 0.342708 0.668155 1
0 0.343750 0.666667 1
0 0.344792 0.666667 1
0 0.345833 0.666667 1
0 0.347917 0.666667 1
0 0.345833 0.666667 1
0 0.344792 0.666667 1
0 0.343750 0.666667 1
0 0.341667 0.666667 1
0 0.341667 0.666667 0
1 0.198958 0.593750 0
0 0.197917 0.584821 1
0 0.197917 0.574405 1
0 0.198958 0.553571 1
0 0.200000 0.544643 1
0 0.200000 0.526786 1
0 0.201042 0.511905 1
0 0.201042 0.498512 1
0 0.201042 0.488095 1
0 0.202083 0.482143 1
0 0.203125 0.476190 1
0 0.203125 0.473214 1
0 0.204167 0.471726 1
0 0.205208 0.471726 1
0 0.206250 0.479167 1
0 0.207292 0.482143 1
0 0.207292 0.482143 0
1 0.219792 0.566964 0
0 0.221875 0.572917 1
0 0.225000 0.577381 1
0 0.227083 0.578869 1
0 0.229167 0.581845 1
0 0.234375 0.586310 1
0 0.240625 0.590774 1
0 0.245833 0.595238 1
0 0.247917 0.596726 1
0 0.251042 0.599702 1
0 0.257292 0.602679 1
0 0.257292 0.604167 1
0 0.259375 0.604167 1
0 0.263542 0.605655 1
0 0.266667 0.605655 1
0 0.268750 0.605655 1
0 0.269792 0.605655 1
0 0.271875 0.605655 1
0 0.277083 0.604167 1
0 0.278125 0.604167 1
0 0.280208 0.604167 1
0 0.281250 0.602679 1
0 0.282292 0.602679 1
0 0.282292 0.601190 1
0 0.282292 0.599702 1
0 0.283333 0.599702 1
0 0.283333 0.598214 1
0 0.284375 0.598214 1
0 0.284375 0.596726 1
0 0.284375 0.595238 1
0 0.284375 0.593750 1
0 0.284375 0.590774 1
0 0.285417 0.590774 1
0 0.285417 0.590774 1
0 0.285417 0.589286 1
0 0.285417 0.587798 1
0 0.285417 0.586310 1
0 0.285417 0.584821 1
0 0.285417 0.581845 1
0 0.285417 0.580357 1
0 0.285417 0.578869 1
0 0.285417 0.577381 1
0 0.285417 0.574405 1
0 0.285417 0.568452 1
0 0.285417 0.566964 1
0 0.285417 0.562500 1
0 0.286458 0.555060 1
0 0.286458 0.550595 1
0 0.287500 0.543155 1
0 0.287500 0.529762 1
0 0.288542 0.516369 1
0 0.288542 0.502976 1
0 0.288542 0.495536 1
0 0.288542 0.489583 1
0 0.287500 0.479167 1
0 0.287500 0.470238 1
0 0.286458 0.462798 1
0 0.284375 0.458333 1
0 0.284375 0.455357 1
0 0.283333 0.455357 1
0 0.282292 0.453869 1
0 0.281250 0.453869 1
0 0.280208 0.455357 1
0 0.278125 0.456845 1
0 0.277083 0.458333 1
0 0.276042 0.459821 1
0 0.273958 0.464286 1
0 0.269792 0.471726 1
0 0.267708 0.480655 1
0 0.264583 0.483631 1
0 0.263542 0.488095 1
0 0.259375 0.494048 1
0 0.259375 0.497024 1
0 0.259375 0.497024 0
1 0.207292 0.511905 0
0 0.213542 0.517857 1
0 0.220833 0.522321 1
0 0.231250 0.528274 1
0 0.240625 0.532738 1
0 0.250000 0.540179 1
0 0.259375 0.544643 1
0 0.263542 0.549107 1
0 0.267708 0.552083 1
0 0.269792 0.553571 1
0 0.269792 0.555060 1
0 0.269792 0.556548 1
0 0.267708 0.558036 1
0 0.265625 0.561012 1
0 0.263542 0.562500 1
0 0.261458 0.569940 1
0 0.257292 0.577381 1
0 0.257292 0.577381 0
1 0.247917 0.605655 0
0 0.242708 0.619048 1
0 0.241667 0.622024 1
0 0.240625 0.625000 1
0 0.240625 0.626488 1
0 0.240625 0.625000 1
0 0.240625 0.620536 1
0 0.240625 0.611607 1
0 0.241667 0.602679 1
0 0.242708 0.589286 1
0 0.242708 0.575893 1
0 0.243750 0.558036 1
0 0.243750 0.540179 1
0 0.243750 0.522321 1
0 0.243750 0.505952 1
0 0.243750 0.494048 1
0 0.243750 0.488095 1
0 0.242708 0.483631 1
0 0.241667 0.476190 1
0 0.240625 0.470238 1
0 0.237500 0.465774 1
0 0.235417 0.464286 1
0 0.232292 0.462798 1
0 0.231250 0.462798 1
0 0.230208 0.462798 1
0 0.228125 0.461310 1
0 0.226042 0.459821 1
0 0.225000 0.458333 1
0 0.222917 0.456845 1
0 0.220833 0.456845 1
0 0.219792 0.455357 1
0 0.217708 0.455357 1
0 0.216667 0.452381 1
0 0.215625 0.452381 1
0 0.216667 0.452381 1
0 0.218750 0.455357 1
0 0.222917 0.458333 1
0 0.226042 0.461310 1
0 0.229167 0.464286 1
0 0.235417 0.470238 1
0 0.242708 0.477679 1
0 0.252083 0.486607 1
0 0.259375 0.494048 1
0 0.265625 0.498512 1
0 0.271875 0.501488 1
0 0.273958 0.502976 1
0 0.275000 0.502976 1
0 0.275000 0.501488 1
0 0.275000 0.500000 1
0 0.272917 0.497024 1
0 0.270833 0.494048 1
0 0.268750 0.491071 1
0 0.265625 0.486607 1
0 0.261458 0.483631 1
0 0.261458 0.483631 0
1 0.171875 0.406250 0
0 0.166667 0.403274 1
0 0.166667 0.397321 1
0 0.166667 0.394345 1
0 0.167708 0.391369 1
0 0.168750 0.383929 1
0 0.170833 0.375000 1
0 0.171875 0.367560 1
0 0.176042 0.355655 1
0 0.176042 0.352679 1
0 0.178125 0.351190 1
0 0.179167 0.346726 1
0 0.180208 0.346726 1
0 0.180208 0.345238 1
0 0.182292 0.342262 1
0 0.183333 0.342262 1
0 0.184375 0.342262 1
0 0.185417 0.342262 1
0 0.186458 0.342262 1
0 0.188542 0.342262 1
0 0.190625 0.346726 1
0 0.190625 0.346726 0
1 0.288542 0.425595 0
0 0.291667 0.419643 1
0 0.292708 0.416667 1
0 0.294792 0.412202 1
0 0.297917 0.409226 1
0 0.302083 0.401786 1
0 0.304167 0.398810 1
0 0.306250 0.395833 1
0 0.311458 0.388393 1
0 0.313542 0.385417 1
0 0.314583 0.380952 1
0 0.318750 0.376488 1
0 0.321875 0.370536 1
0 0.323958 0.364583 1
0 0.323958 0.361607 1
0 0.323958 0.360119 1
0 0.325000 0.357143 1
0 0.325000 0.354167 1
0 0.325000 0.352679 1
0 0.323958 0.352679 1
0 0.322917 0.352679 1
0 0.321875 0.352679 1
0 0.320833 0.354167 1
0 0.319792 0.355655 1
0 0.319792 0.355655 0
1 0.434375 0.720238 0
0 0.434375 0.726190 1
0 0.435417 0.726190 1
0 0.436458 0.726190 1
0 0.438542 0.724702 1
0 0.440625 0.723214 1
0 0.444792 0.718750 1
0 0.447917 0.714286 1
0 0.451042 0.709821 1
0 0.453125 0.706845 1
0 0.455208 0.705357 1
0 0.457292 0.702381 1
0 0.457292 0.699405 1
0 0.461458 0.694940 1
0 0.463542 0.686012 1
0 0.464583 0.684524 1
0 0.464583 0.681548 1
0 0.464583 0.677083 1
0 0.464583 0.675595 1
0 0.464583 0.674107 1
0 0.463542 0.671131 1
0 0.461458 0.668155 1
0 0.461458 0.666667 1
0 0.457292 0.663690 1
0 0.436458 0.641369 1
0 0.428125 0.635417 1
0 0.420833 0.626488 1
0 0.411458 0.617560 1
0 0.404167 0.611607 1
0 0.398958 0.607143 1
0 0.396875 0.604167 1
0 0.394792 0.601190 1
0 0.390625 0.596726 1
0 0.385417 0.590774 1
0 0.382292 0.587798 1
0 0.380208 0.586310 1
0 0.378125 0.584821 1
0 0.380208 0.584821 1
0 0.381250 0.584821 1
0 0.383333 0.584821 1
0 0.394792 0.589286 1
0 0.404167 0.595238 1
0 0.411458 0.599702 1
0 0.417708 0.602679 1
0 0.432292 0.610119 1
0 0.451042 0.620536 1
0 0.469792 0.627976 1
0 0.478125 0.632440 1
0 0.486458 0.635417 1
0 0.498958 0.639881 1
0 0.504167 0.641369 1
0 0.509375 0.644345 1
0 0.516667 0.645833 1
0 0.527083 0.647321 1
0 0.528125 0.647321 1
0 0.529167 0.645833 1
0 0.528125 0.644345 1
0 0.525000 0.641369 1
0 0.523958 0.641369 1
0 0.521875 0.638393 1
0 0.517708 0.635417 1
0 0.513542 0.630952 1
0 0.507292 0.626488 1
0 0.504167 0.623512 1
0 0.500000 0.620536 1
0 0.500000 0.620536 0
1 0.450000 0.587798 0
0 0.447917 0.580357 1
0 0.446875 0.568452 1
0 0.446875 0.562500 1
0 0.445833 0.556548 1
0 0.444792 0.543155 1
0 0.444792 0.534226 1
0 0.444792 0.528274 1
0 0.442708 0.511905 1
0 0.441667 0.476190 1
0 0.440625 0.468750 1
0 0.440625 0.459821 1
0 0.438542 0.444940 1
0 0.438542 0.437500 1
0 0.437500 0.431548 1
0 0.437500 0.421131 1
0 0.436458 0.418155 1
0 0.436458 0.415179 1
0 0.435417 0.409226 1
0 0.433333 0.400298 1
0 0.432292 0.400298 1
0 0.431250 0.400298 1
0 0.430208 0.401786 1
0 0.430208 0.407738 1
0 0.430208 0.410714 1
0 0.430208 0.415179 1
0 0.431250 0.424107 1
0 0.432292 0.430060 1
0 0.432292 0.430060 0
1 0.477083 0.599702 0
0 0.482292 0.595238 1
0 0.482292 0.590774 1
0 0.483333 0.589286 1
0 0.484375 0.584821 1
0 0.486458 0.578869 1
0 0.486458 0.577381 1
0 0.486458 0.574405 1
0 0.486458 0.568452 1
0 0.486458 0.562500 1
0 0.486458 0.558036 1
0 0.486458 0.555060 1
0 0.486458 0.552083 1
0 0.486458 0.547619 1
0 0.486458 0.543155 1
0 0.486458 0.540179 1
0 0.486458 0.532738 1
0 0.486458 0.529762 1
0 0.488542 0.525298 1
0 0.488542 0.519345 1
0 0.488542 0.514881 1
0 0.489583 0.511905 1
0 0.492708 0.491071 1
0 0.492708 0.488095 1
0 0.493750 0.483631 1
0 0.494792 0.480655 1
0 0.494792 0.470238 1
0 0.495833 0.462798 1
0 0.495833 0.456845 1
0 0.495833 0.450893 1
0 0.495833 0.447917 1
0 0.496875 0.440476 1
0 0.496875 0.437500 1
0 0.496875 0.434524 1
0 0.496875 0.427083 1
0 0.496875 0.425595 1
0 0.496875 0.421131 1
0 0.496875 0.419643 1
0 0.496875 0.418155 1
0 0.496875 0.416667 1
0 0.496875 0.412202 1
0 0.497917 0.410714 1
0 0.497917 0.409226 1
0 0.497917 0.407738 1
0 0.497917 0.406250 1
0 0.497917 0.404762 1
0 0.497917 0.403274 1
0 0.497917 0.401786 1
0 0.497917 0.398810 1
0 0.497917 0.395833 1
0 0.498958 0.394345 1
0 0.498958 0.392857 1
0 0.498958 0.391369 1
0 0.498958 0.389881 1
0 0.498958 0.388393 1
0 0.498958 0.386905 1
0 0.497917 0.386905 1
0 0.496875 0.386905 1
0 0.495833 0.386905 1
0 0.493750 0.386905 1
0 0.491667 0.386905 1
0 0.489583 0.388393 1
0 0.484375 0.391369 1
0 0.480208 0.394345 1
0 0.476042 0.398810 1
0 0.465625 0.409226 1
0 0.461458 0.416667 1
0 0.454167 0.425595 1
0 0.442708 0.444940 1
0 0.437500 0.455357 1
0 0.432292 0.462798 1
0 0.423958 0.477679 1
0 0.421875 0.482143 1
0 0.421875 0.482143 0
1 0.386458 0.537202 0
0 0.378125 0.534226 1
0 0.376042 0.520833 1
0 0.376042 0.514881 1
0 0.376042 0.508929 1
0 0.375000 0.497024 1
0 0.375000 0.491071 1
0 0.375000 0.483631 1
0 0.375000 0.473214 1
0 0.375000 0.467262 1
0 0.375000 0.462798 1
0 0.375000 0.455357 1
0 0.375000 0.450893 1
0 0.375000 0.446429 1
0 0.375000 0.440476 1
0 0.376042 0.436012 1
0 0.376042 0.431548 1
0 0.376042 0.430060 1
0 0.377083 0.430060 1
0 0.378125 0.428571 1
0 0.379167 0.427083 1
0 0.381250 0.428571 1
0 0.383333 0.430060 1
0 0.385417 0.434524 1
0 0.385417 0.434524 0
1 0.500000 0.540179 0
0 0.505208 0.537202 1
0 0.508333 0.534226 1
0 0.522917 0.522321 1
0 0.540625 0.501488 1
0 0.543750 0.498512 1
0 0.545833 0.495536 1
0 0.550000 0.491071 1
0 0.552083 0.488095 1
0 0.553125 0.486607 1
0 0.555208 0.483631 1
0 0.556250 0.482143 1
0 0.556250 0.480655 1
0 0.555208 0.480655 1
0 0.554167 0.480655 1
0 0.554167 0.480655 0
1 0.636458 0.833333 0
0 0.646875 0.837798 1
0 0.648958 0.837798 1
0 0.652083 0.837798 1
0 0.658333 0.837798 1
0 0.660417 0.837798 1
0 0.668750 0.837798 1
0 0.670833 0.837798 1
0 0.675000 0.837798 1
0 0.676042 0.837798 1
0 0.676042 0.834821 1
0 0.675000 0.833333 1
0 0.667708 0.825893 1
0 0.652083 0.806548 1
0 0.646875 0.799107 1
0 0.640625 0.794643 1
0 0.628125 0.778274 1
0 0.612500 0.760417 1
0 0.595833 0.739583 1
0 0.588542 0.729167 1
0 0.582292 0.720238 1
0 0.572917 0.706845 1
0 0.563542 0.688988 1
0 0.562500 0.686012 1
0 0.562500 0.684524 1
0 0.562500 0.686012 1
0 0.563542 0.688988 1
0 0.563542 0.688988 0
1 0.604167 0.761905 0
0 0.615625 0.769345 1
0 0.620833 0.770833 1
0 0.626042 0.773810 1
0 0.636458 0.778274 1
0 0.647917 0.781250 1
0 0.658333 0.784226 1
0 0.663542 0.784226 1
0 0.668750 0.785714 1
0 0.688542 0.788690 1
0 0.695833 0.788690 1
0 0.700000 0.788690 1
0 0.709375 0.788690 1
0 0.712500 0.787202 1
0 0.714583 0.787202 1
0 0.717708 0.785714 1
0 0.719792 0.784226 1
0 0.723958 0.782738 1
0 0.725000 0.782738 1
0 0.726042 0.782738 1
0 0.727083 0.781250 1
0 0.728125 0.781250 1
0 0.729167 0.781250 1
0 0.731250 0.781250 1
0 0.732292 0.781250 1
0 0.734375 0.781250 1
0 0.736458 0.781250 1
0 0.736458 0.782738 1
0 0.737500 0.782738 1
0 0.738542 0.782738 1
0 0.739583 0.782738 1
0 0.740625 0.782738 1
0 0.741667 0.781250 1
0 0.742708 0.779762 1
0 0.743750 0.778274 1
0 0.744792 0.776786 1
0 0.744792 0.775298 1
0 0.744792 0.772321 1
0 0.744792 0.767857 1
0 0.744792 0.766369 1
0 0.744792 0.760417 1
0 0.743750 0.758929 1
0 0.742708 0.754464 1
0 0.739583 0.750000 1
0 0.734375 0.739583 1
0 0.732292 0.738095 1
0 0.729167 0.733631 1
0 0.727083 0.732143 1
0 0.726042 0.730655 1
0 0.723958 0.729167 1
0 0.717708 0.724702 1
0 0.710417 0.724702 1
0 0.708333 0.726190 1
0 0.706250 0.726190 1
0 0.704167 0.727679 1
0 0.704167 0.727679 0
1 0.653125 0.815476 0
0 0.650000 0.819940 1
0 0.648958 0.819940 1
0 0.648958 0.818452 1
0 0.648958 0.812500 1
0 0.648958 0.809524 1
0 0.650000 0.805060 1
0 0.651042 0.796131 1
0 0.652083 0.790179 1
0 0.653125 0.784226 1
0 0.654167 0.769345 1
0 0.655208 0.760417 1
0 0.655208 0.751488 1
0 0.655208 0.733631 1
0 0.655208 0.723214 1
0 0.655208 0.712798 1
0 0.655208 0.705357 1
0 0.655208 0.699405 1
0 0.654167 0.691964 1
0 0.653125 0.686012 1
0 0.653125 0.675595 1
0 0.653125 0.672619 1
0 0.652083 0.669643 1
0 0.652083 0.666667 1
0 0.651042 0.665179 1
0 0.651042 0.663690 1
0 0.650000 0.662202 1
0 0.648958 0.662202 1
0 0.646875 0.665179 1
0 0.645833 0.666667 1
0 0.644792 0.671131 1
0 0.642708 0.677083 1
0 0.640625 0.681548 1
0 0.640625 0.684524 1
0 0.637500 0.694940 1
0 0.635417 0.700893 1
0 0.632292 0.711310 1
0 0.632292 0.711310 0
1 0.616667 0.726190 0
0 0.609375 0.730655 1
0 0.608333 0.730655 1
0 0.607292 0.730655 1
0 0.606250 0.730655 1
0 0.604167 0.730655 1
0 0.604167 0.730655 1
0 0.604167 0.729167 1
0 0.604167 0.727679 1
0 0.604167 0.726190 1
0 0.604167 0.726190 1
0 0.606250 0.724702 1
0 0.608333 0.723214 1
0 0.612500 0.720238 1
0 0.613542 0.720238 1
0 0.619792 0.720238 1
0 0.628125 0.720238 1
0 0.630208 0.718750 1
0 0.633333 0.718750 1
0 0.636458 0.718750 1
0 0.637500 0.718750 1
0 0.642708 0.717262 1
0 0.643750 0.715774 1
0 0.642708 0.714286 1
0 0.642708 0.714286 0
1 0.588542 0.650298 0
0 0.592708 0.656250 1
0 0.595833 0.657738 1
0 0.597917 0.660714 1
0 0.606250 0.668155 1
0 0.611458 0.674107 1
0 0.616667 0.678571 1
0 0.627083 0.688988 1
0 0.632292 0.691964 1
0 0.637500 0.696429 1
0 0.647917 0.705357 1
0 0.652083 0.708333 1
0 0.655208 0.711310 1
0 0.663542 0.718750 1
0 0.667708 0.720238 1
0 0.670833 0.724702 1
0 0.670833 0.724702 0
1 0.684375 0.752976 0
0 0.686458 0.745536 1
0 0.690625 0.744048 1
0 0.694792 0.741071 1
0 0.701042 0.736607 1
0 0.702083 0.735119 1
0 0.705208 0.733631 1
0 0.707292 0.732143 1
0 0.709375 0.730655 1
0 0.712500 0.727679 1
0 0.712500 0.726190 1
0 0.712500 0.723214 1
0 0.711458 0.723214 1
0 0.711458 0.723214 0
1 0.679167 0.699405 0
0 0.675000 0.694940 1
0 0.675000 0.691964 1
0 0.676042 0.691964 1
0 0.677083 0.688988 1
0 0.678125 0.688988 1
0 0.682292 0.686012 1
0 0.682292 0.684524 1
0 0.690625 0.680060 1
0 0.695833 0.677083 1
0 0.696875 0.674107 1
0 0.701042 0.671131 1
0 0.702083 0.669643 1
0 0.703125 0.666667 1
0 0.704167 0.665179 1
0 0.704167 0.663690 1
0 0.703125 0.662202 1
0 0.702083 0.660714 1
0 0.700000 0.659226 1
0 0.697917 0.659226 1
0 0.696875 0.659226 1
0 0.696875 0.659226 0
1 0.652083 0.659226 0
0 0.648958 0.663690 1
0 0.648958 0.662202 1
0 0.648958 0.657738 1
0 0.648958 0.656250 1
0 0.648958 0.653274 1
0 0.648958 0.645833 1
0 0.648958 0.641369 1
0 0.650000 0.638393 1
0 0.650000 0.625000 1
0 0.651042 0.620536 1
0 0.651042 0.610119 1
0 0.651042 0.607143 1
0 0.651042 0.602679 1
0 0.650000 0.589286 1
0 0.650000 0.587798 1
0 0.650000 0.584821 1
0 0.647917 0.578869 1
0 0.646875 0.578869 1
0 0.645833 0.575893 1
0 0.641667 0.575893 1
0 0.640625 0.575893 1
0 0.638542 0.578869 1
0 0.637500 0.581845 1
0 0.636458 0.584821 1
0 0.635417 0.587798 1
0 0.633333 0.595238 1
0 0.631250 0.599702 1
0 0.629167 0.604167 1
0 0.626042 0.613095 1
0 0.620833 0.622024 1
0 0.618750 0.625000 1
0 0.615625 0.627976 1
0 0.612500 0.627976 1
0 0.610417 0.627976 1
0 0.605208 0.627976 1
0 0.604167 0.626488 1
0 0.600000 0.625000 1
0 0.598958 0.623512 1
0 0.597917 0.622024 1
0 0.597917 0.620536 1
0 0.596875 0.617560 1
0 0.596875 0.613095 1
0 0.596875 0.613095 1
0 0.596875 0.611607 1
0 0.596875 0.610119 1
0 0.597917 0.607143 1
0 0.597917 0.604167 1
0 0.597917 0.602679 1
0 0.597917 0.599702 1
0 0.597917 0.596726 1
0 0.597917 0.595238 1
0 0.597917 0.593750 1
0 0.598958 0.590774 1
0 0.598958 0.589286 1
0 0.600000 0.586310 1
0 0.601042 0.584821 1
0 0.602083 0.583333 1
0 0.604167 0.583333 1
0 0.606250 0.584821 1
0 0.607292 0.586310 1
0 0.609375 0.587798 1
0 0.611458 0.589286 1
0 0.614583 0.590774 1
0 0.618750 0.595238 1
0 0.621875 0.599702 1
0 0.626042 0.602679 1
0 0.630208 0.607143 1
0 0.635417 0.611607 1
0 0.640625 0.616071 1
0 0.646875 0.620536 1
0 0.658333 0.629464 1
0 0.663542 0.632440 1
0 0.668750 0.635417 1
0 0.677083 0.641369 1
0 0.680208 0.641369 1
0 0.684375 0.644345 1
0 0.686458 0.645833 1
0 0.688542 0.645833 1
0 0.690625 0.645833 1
0 0.692708 0.645833 1
0 0.694792 0.645833 1
0 0.694792 0.644345 1
0 0.696875 0.644345 1
0 0.696875 0.641369 1
0 0.697917 0.641369 1
0 0.698958 0.639881 1
0 0.700000 0.638393 1
0 0.701042 0.635417 1
0 0.702083 0.635417 1
0 0.702083 0.633929 1
0 0.702083 0.632440 1
0 0.703125 0.632440 1
0 0.704167 0.630952 1
0 0.705208 0.629464 1
0 0.705208 0.627976 1
0 0.705208 0.626488 1
0 0.705208 0.623512 1
0 0.705208 0.620536 1
0 0.703125 0.619048 1
0 0.700000 0.613095 1
0 0.696875 0.611607 1
0 0.686458 0.599702 1
0 0.682292 0.595238 1
0 0.661458 0.574405 1
0 0.657292 0.569940 1
0 0.647917 0.561012 1
0 0.644792 0.556548 1
0 0.641667 0.553571 1
0 0.638542 0.549107 1
0 0.638542 0.549107 0
1 0.635417 0.556548 0
0 0.631250 0.547619 1
0 0.631250 0.543155 1
0 0.630208 0.532738 1
0 0.629167 0.529762 1
0 0.628125 0.514881 1
0 0.627083 0.510417 1
0 0.626042 0.497024 1
0 0.626042 0.491071 1
0 0.626042 0.476190 1
0 0.626042 0.473214 1
0 0.626042 0.455357 1
0 0.626042 0.452381 1
0 0.623958 0.436012 1
0 0.623958 0.430060 1
0 0.622917 0.415179 1
0 0.622917 0.410714 1
0 0.622917 0.397321 1
0 0.622917 0.394345 1
0 0.621875 0.382440 1
0 0.621875 0.379464 1
0 0.621875 0.370536 1
0 0.621875 0.367560 1
0 0.621875 0.364583 1
0 0.621875 0.361607 1
0 0.620833 0.346726 1
0 0.620833 0.342262 1
0 0.620833 0.339286 1
0 0.620833 0.333333 1
0 0.620833 0.331845 1
0 0.619792 0.328869 1
0 0.619792 0.327381 1
0 0.619792 0.328869 1
0 0.618750 0.331845 1
0 0.618750 0.333333 1
0 0.618750 0.355655 1
0 0.618750 0.370536 1
0 0.618750 0.377976 1
0 0.618750 0.386905 1
0 0.618750 0.397321 1
0 0.618750 0.397321 0
1 0.647917 0.520833 0
0 0.652083 0.532738 1
0 0.653125 0.534226 1
0 0.655208 0.538690 1
0 0.656250 0.543155 1
0 0.660417 0.550595 1
0 0.661458 0.553571 1
0 0.662500 0.555060 1
0 0.665625 0.559524 1
0 0.665625 0.561012 1
0 0.666667 0.561012 1
0 0.667708 0.562500 1
0 0.668750 0.562500 1
0 0.669792 0.562500 1
0 0.670833 0.565476 1
0 0.671875 0.565476 1
0 0.672917 0.565476 1
0 0.673958 0.565476 1
0 0.675000 0.565476 1
0 0.675000 0.562500 1
0 0.676042 0.562500 1
0 0.677083 0.562500 1
0 0.678125 0.561012 1
0 0.678125 0.559524 1
0 0.679167 0.556548 1
0 0.679167 0.555060 1
0 0.679167 0.552083 1
0 0.680208 0.550595 1
0 0.680208 0.547619 1
0 0.680208 0.544643 1
0 0.680208 0.540179 1
0 0.680208 0.534226 1
0 0.680208 0.534226 1
0 0.680208 0.529762 1
0 0.680208 0.528274 1
0 0.680208 0.525298 1
0 0.682292 0.520833 1
0 0.682292 0.519345 1
0 0.682292 0.514881 1
0 0.682292 0.511905 1
0 0.682292 0.508929 1
0 0.682292 0.507440 1
0 0.682292 0.501488 1
0 0.682292 0.498512 1
0 0.682292 0.494048 1
0 0.682292 0.491071 1
0 0.684375 0.483631 1
0 0.684375 0.480655 1
0 0.684375 0.473214 1
0 0.684375 0.470238 1
0 0.686458 0.462798 1
0 0.686458 0.461310 1
0 0.686458 0.453869 1
0 0.686458 0.452381 1
0 0.686458 0.446429 1
0 0.686458 0.443452 1
0 0.688542 0.440476 1
0 0.688542 0.438988 1
0 0.688542 0.434524 1
0 0.688542 0.433036 1
0 0.688542 0.427083 1
0 0.688542 0.427083 1
0 0.688542 0.422619 1
0 0.688542 0.421131 1
0 0.688542 0.419643 1
0 0.690625 0.412202 1
0 0.690625 0.412202 1
0 0.690625 0.407738 1
0 0.690625 0.406250 1
0 0.690625 0.401786 1
0 0.690625 0.400298 1
0 0.691667 0.397321 1
0 0.691667 0.395833 1
0 0.691667 0.392857 1
0 0.691667 0.388393 1
0 0.692708 0.385417 1
0 0.692708 0.383929 1
0 0.692708 0.380952 1
0 0.692708 0.379464 1
0 0.692708 0.376488 1
0 0.692708 0.373512 1
0 0.692708 0.370536 1
0 0.692708 0.369048 1
0 0.692708 0.367560 1
0 0.692708 0.364583 1
0 0.693750 0.361607 1
0 0.693750 0.360119 1
0 0.693750 0.357143 1
0 0.694792 0.357143 1
0 0.694792 0.352679 1
0 0.694792 0.351190 1
0 0.694792 0.348214 1
0 0.694792 0.346726 1
0 0.695833 0.343750 1
0 0.695833 0.342262 1
0 0.696875 0.340774 1
0 0.696875 0.339286 1
0 0.696875 0.336310 1
0 0.696875 0.333333 1
0 0.696875 0.333333 1
0 0.696875 0.331845 1
0 0.697917 0.328869 1
0 0.697917 0.324405 1
0 0.697917 0.321429 1
0 0.697917 0.319940 1
0 0.697917 0.318452 1
0 0.697917 0.316964 1
0 0.697917 0.315476 1
0 0.697917 0.313988 1
0 0.696875 0.312500 1
0 0.694792 0.312500 1
0 0.694792 0.313988 1
0 0.688542 0.322917 1
0 0.686458 0.328869 1
0 0.679167 0.342262 1
0 0.675000 0.351190 1
0 0.663542 0.382440 1
0 0.660417 0.394345 1
0 0.651042 0.412202 1
0 0.647917 0.418155 1
0 0.647917 0.418155 0
1 0.610417 0.476190 0
0 0.607292 0.471726 1
0 0.608333 0.471726 1
0 0.611458 0.471726 1
0 0.613542 0.471726 1
0 0.615625 0.473214 1
0 0.628125 0.480655 1
0 0.632292 0.483631 1
0 0.635417 0.483631 1
0 0.640625 0.486607 1
0 0.644792 0.491071 1
0 0.662500 0.501488 1
0 0.665625 0.502976 1
0 0.669792 0.504464 1
0 0.675000 0.505952 1
0 0.677083 0.505952 1
0 0.679167 0.505952 1
0 0.679167 0.504464 1
0 0.675000 0.494048 1
0 0.673958 0.489583 1
0 0.671875 0.483631 1
0 0.665625 0.473214 1
0 0.662500 0.465774 1
0 0.655208 0.452381 1
0 0.650000 0.444940 1
0 0.638542 0.419643 1
0 0.635417 0.412202 1
0 0.633333 0.409226 1
0 0.632292 0.400298 1
0 0.638542 0.403274 1
0 0.642708 0.406250 1
0 0.645833 0.410714 1
0 0.654167 0.419643 1
0 0.658333 0.425595 1
0 0.668750 0.440476 1
0 0.672917 0.446429 1
0 0.686458 0.459821 1
0 0.688542 0.462798 1
0 0.688542 0.462798 0
